27340,False,10000,10,uniform,1,500,0,0.01,straight,3632,-14948699970167.191,300.0,27.910807000718695,10.745761957118134
31778,False,10000,10,uniform,1,500,0,0.01,1.1,4609,26264.762112837587,300.0,32.02531499349895,9.364696059349018
40330,False,10000,10,uniform,1,500,0,0.005,straight,8971,-16711799970470.629,299.8,40.657668365184534,7.371742845346392
41067,False,10000,10,uniform,1,500,0,0.0001,straight,11057,-16520799970329.512,299.9,41.29788832885308,7.259744503930383
42030,False,10000,10,uniform,1,500,0,0.001,straight,10603,-16726499970415.05,300.0,42.281459788215855,7.093486918755
42014,False,10000,10,uniform,1,500,0,0.005,1.1,9733,26305.740343375295,300.0,41.90657361963092,7.156726434867922
42656,False,10000,10,uniform,1,500,0,0,1.1,10753,26606.734715575316,300.0,42.52070528961349,7.053324878227497
45107,False,10000,10,uniform,1,500,0,0.0001,1.1,12342,26147.9357869322,299.9,44.80970975704453,6.690673019486615
45124,False,10000,10,uniform,1,500,0,0,straight,11636,-18629299970364.023,300.0,45.31984404798321,6.617707132655832
46703,False,10000,10,uniform,1,500,0,0.001,1.1,11835,25991.13141388463,300.0,46.42652288884987,6.4599236466869145
49479,False,10000,10,uniform,1,500,0,0.01,2,8710,28772.486242925446,299.9,46.30396496470172,6.475339090335122
18756,False,10000,10,uniform,1,500,0,0.05,straight,49,-18333799968873.29,300.0,19.45391103411629,15.412082080426476
58648,False,10000,10,uniform,1,500,0,0.005,2,12538,28782.864561436385,300.0,54.79256907206392,5.473329967316544
60518,False,10000,10,uniform,1,500,0,0,2,14248,28849.199769388,300.0,56.45755769292016,5.312113229979884
20716,False,10000,10,uniform,1,500,0,0.05,1.1,76,25783.438815453097,299.9,21.174978659015274,14.159361330250027
19899,False,10000,10,uniform,1,500,0,0.1,straight,18,-19577299968714.863,300.0,20.5973315401559,14.561919799889518
19595,False,10000,10,uniform,1,500,0,0.1,1.1,17,25981.337856074475,300.0,20.06203489323768,14.950200878246903
65480,False,10000,10,uniform,1,500,0,0.0001,2,15488,28812.729047509976,300.0,60.778778289211786,4.934301352459624
65914,False,10000,10,uniform,1,500,0,0.001,2,14830,28764.891550621338,300.0,61.236756284031785,4.897675944976966
19711,False,10000,10,uniform,1,500,0,1,straight,0,-19410199968749.18,299.8,20.41020000000196,14.685872941329418
28794,False,10000,10,uniform,1,500,0,0.05,2,124,29114.91483189289,299.9,26.495938849684517,11.315771571490142
28164,False,10000,10,uniform,1,500,0,0.1,2,9,29151.44472074661,300.0,25.955648786214475,11.557258481167732
20819,False,10000,10,uniform,1,500,0,1,1.1,0,25624.101739907375,299.9,21.28359611608755,14.087620502540341
87660,False,10000,10,uniform,1,500,0,0.001,3,15764,29301.91430675405,300.0,72.86906660370157,4.117825584130777
29060,False,10000,10,uniform,1,500,0,1,2,0,29066.28253684637,300.0,26.726596442219225,11.219567243305066
91890,False,10000,10,uniform,1,500,0,0.01,3,11975,29492.771773162436,299.8,74.41452706218966,4.029712095026676
31611,False,10000,10,1.1,1,500,0,0,straight,10317,-13022999970288.725,299.9,31.864617359193893,9.409694621750273
32908,False,10000,10,1.1,1,500,0,0,1.1,11473,27225.177537407122,300.0,32.76588815717991,9.153834786135135
62125,False,10000,10,uniform,1,500,0,0.05,3,101,29875.01426590332,299.9,47.69478661297663,6.286026864144845
32736,False,10000,10,1.1,1,500,0,0.0001,straight,10682,-13428999970318.816,299.8,32.974491607936066,9.086568273894848
107763,False,10000,10,uniform,1,500,0,0.005,3,17700,29508.98327865897,299.9,87.4755064938672,3.427358088391369
27139,False,10000,10,1.1,1,500,0,0.0001,1.1,11447,27852.273368735827,300.0,27.046672847700755,11.090115407097922
59634,False,10000,10,uniform,1,500,0,0.1,3,1,29889.306010301945,299.9,45.749537742467886,6.553185669676121
114940,False,10000,10,uniform,1,500,0,0,3,19008,29487.276783817517,300.0,93.17179742925777,3.2187831439232384
116186,False,10000,10,uniform,1,500,0,0.0001,3,19163,29390.363399234273,300.0,94.33472021639368,3.178991802036304
50544,False,10000,10,1.1,1,500,0,0,2,13559,28932.068523247923,300.0,47.09022437711876,6.36920830469077
60360,False,10000,10,uniform,1,500,0,1,3,0,29898.20610735313,300.0,46.27478672219861,6.482327752958281
34035,False,10000,10,1.1,1,500,0,0.0001,2,13122,29332.276809080948,299.9,31.832546275366695,9.419636423765683
35473,False,10000,10,1.1,1,500,0,0.001,straight,10199,-14587599970409.1,300.0,35.73408888323127,8.392984598084908
37934,False,10000,10,1.1,1,500,0,0.001,1.1,10805,26566.09792918027,300.0,37.799286411250804,7.931769729473475
31690,False,10000,10,1.1,1,500,0,0.005,straight,6891,-12905699970579.863,299.9,32.11930322403686,9.334825893808247
32204,False,10000,10,1.1,1,500,0,0.005,1.1,9421,27133.695357040466,299.9,32.195405402180526,9.312223663683564
39397,False,10000,10,1.1,1,500,0,0.001,2,13485,29303.906430444727,300.0,36.72697631326996,8.166384363109309
22777,False,10000,10,1.1,1,500,0,0.01,straight,2760,-13037999970041.994,300.0,23.384836971964795,12.826568952274453
23985,False,10000,10,1.1,1,500,0,0.01,1.1,5786,27394.724473760893,300.0,24.213533634949414,12.388757754760812
20958,False,10000,10,1.1,1,500,0,0.05,straight,57,-20519999968042.848,299.9,21.65537303927903,13.84787107309866
45730,False,10000,10,1.1,1,500,0,0.005,2,11855,28938.14683778743,300.0,42.71498639836947,7.022127862632759
19632,False,10000,10,1.1,1,500,0,0.05,1.1,85,25964.016361032816,300.0,20.119454944566677,14.921983224456842
123228,False,10000,10,uniform,1,500,0,0.05,random,126,30004.386038193617,300.1,123.92189486780383,2.420154295929694
33540,False,10000,10,1.1,1,500,0,0.01,2,10220,29316.60726588419,300.1,31.39036141741078,9.551005277949765
80269,False,10000,10,1.1,1,500,0,0.0001,3,16653,29512.96002422719,300.0,65.39109566340555,4.586727380690966
122910,False,10000,10,uniform,1,500,0,0.1,random,10,29999.806527595163,300.0,123.60863922789945,2.426382644982099
27232,False,10000,10,1.1,1,500,0,0.05,2,101,29099.533083729584,300.0,25.191484461537982,11.908173944414717
174124,False,10000,10,uniform,1,500,0,0.0001,random,21049,29660.27138022059,299.9,173.80105724998515,1.7249740038199168
104801,False,10000,10,1.1,1,500,0,0,3,17348,29482.98550515133,300.0,84.43680280094122,3.5518988932923947
181285,False,10000,10,uniform,1,500,0,0.005,random,20243,29665.97849835999,299.9,180.99511232974982,1.6558585525292329
20402,False,10000,10,1.1,1,500,0,0.1,1.1,19,25526.742836396887,299.9,20.877258698097652,14.371727027878155
22913,False,10000,10,1.1,1,500,0,0.1,straight,18,-22581399967538.777,299.9,23.611764720716693,12.699784824991138
115027,False,10000,10,1.1,1,500,0,0,random,16636,29661.29007932266,300.0,114.932665672558,2.609436825050424
128388,False,10000,10,uniform,1,500,0,1,random,0,30000.0,300.0,129.08700000025232,2.32336562083509
19312,False,10000,10,1.1,1,500,0,1,1.1,0,25954.435126791162,300.0,19.800349598971344,15.149867787926983
7196,False,10000,10,2,1,500,0,0,straight,7224,-2648199970065.622,300.1,7.540861002667133,39.789840952082855
76411,False,10000,10,1.1,1,500,0,0.005,3,15235,29604.996634107338,299.9,61.98973909819265,4.83636631714589
22964,False,10000,10,1.1,1,500,0,1,straight,0,-22662999967505.637,300.0,23.663000000005937,12.675807312113744
8734,False,10000,10,2,1,500,0,0,1.1,5673,29115.996442568063,300.0,9.106043119057375,33.005119055039074
28996,False,10000,10,1.1,1,500,0,0.1,2,14,28941.777151262388,300.0,26.764227188505902,11.215836392604256
169468,False,10000,10,uniform,1,500,0,0.01,random,18081,29703.712951080262,300.0,169.28205279680083,1.771609527504228
197937,False,10000,10,uniform,1,500,0,0,random,22022,29733.952740583092,299.9,197.55927512615887,1.5175282405470623
92675,False,10000,10,1.1,1,500,0,0.001,3,16568,29530.41948787418,300.0,75.0456240200219,3.996221295080865
26401,False,10000,10,1.1,1,500,0,1,2,0,29036.600550712064,300.0,24.49793091718852,12.253765665524428
12359,False,10000,10,2,1,500,0,0,2,8244,29631.2858765261,300.0,11.905818168580591,25.20669025021523
8509,False,10000,10,2,1,500,0,0.0001,straight,5377,-3036999970218.8584,300.1,8.96575082110118,33.556434168194976
7220,False,10000,10,2,1,500,0,0.0001,1.1,7284,29414.309728518456,300.0,7.504717399550704,39.97554092670852
64325,False,10000,10,1.1,1,500,0,0.01,3,13174,29630.772186146798,300.0,52.43157616576944,5.7211368604826855
5019,False,10000,10,2,1,500,0,0.001,straight,6704,-1632099970049.648,300.2,5.38195219601765,55.925851258301634
10935,False,10000,10,2,1,500,0,0.0001,3,8571,29879.20118073345,299.9,9.61197559313506,31.220247564998402
200727,False,10000,10,uniform,1,500,0,0.001,random,21518,29681.462510376576,300.0,200.37529296243048,1.4967069504431458
11934,False,10000,10,2,1,500,0,0.0001,2,6888,29554.5003541286,300.0,11.59223197108877,25.900337184540973
5642,False,10000,10,2,1,500,0,0.005,1.1,5775,29554.488513811102,300.0,6.0108547315061465,50.03833961832793
9064,False,10000,10,2,1,500,0,0.001,1.1,7434,29174.20721890982,300.3,9.32535010085193,32.15464038796397
62147,False,10000,10,1.1,1,500,0,0.05,3,143,29890.50088567728,300.0,47.67493188691827,6.29004119859935
7780,False,10000,10,2,1,500,0,0.001,2,7618,29800.217605845122,300.0,7.681701346240317,39.07462857200367
9652,False,10000,10,2,1,500,0,0.005,straight,4947,-3930999970215.3423,299.9,10.115102435839061,29.6750754659287
4543,False,10000,10,2,1,500,0,0.01,1.1,4774,29640.556457680163,300.2,4.970237829884937,60.56814496979577
4905,False,10000,10,2,1,500,0,0.01,3,3433,29851.503616293357,300.0,4.703980801865181,64.34229064591173
11383,False,10000,10,2,1,500,0,0.005,2,5659,29575.580973166005,300.3,11.151019407421941,27.01183867650054
8540,False,10000,10,2,1,500,0,0.01,straight,3927,-4218599969670.083,300.0,9.063157605081203,33.230122936789975
9662,False,10000,10,2,1,500,0,0.01,2,4073,29606.14511286349,300.0,9.570874348887981,31.401968977855525
16601,False,10000,10,2,1,500,0,0.005,3,8032,29901.574599723805,300.5,13.85680487140225,21.64154838888374
129276,False,10000,10,1.1,1,500,0,0.0001,random,18625,29686.790556810894,299.9,129.07714661860757,2.322667719237014
63031,False,10000,10,1.1,1,500,0,0.1,3,18,29888.46716341348,299.9,48.32260880712535,6.207070129360399
116904,False,10000,10,1.1,1,500,0,0.005,random,18050,29783.842140300665,300.0,116.72135802261482,2.569409691460925
25786,False,10000,10,2,1,500,0,0.05,1.1,131,24195.588361651648,300.0,26.325733472387906,11.418003732070797
30719,False,10000,10,2,1,500,0,0.05,straight,43,-30317199953024.113,300.0,31.416624943920816,9.564647531784859
27461,False,10000,10,2,1,500,0,0.05,2,290,28596.825569716882,300.0,25.84842527961706,11.639511785474793
25035,False,10000,10,2,1,500,0,0.1,1.1,93,24101.54918412028,300.1,25.58074913384042,11.74396364555843
67670,False,10000,10,1.1,1,500,0,1,3,0,29872.159780068177,300.0,51.84845914492039,5.786156175271616
54323,False,10000,10,2,1,500,0,0,3,9072,29518.453610671935,300.0,43.50693467183818,6.8996309363784345
3670,False,10000,10,3,1,500,0,0,straight,1907,-1179199970008.0295,300.3,4.276756754980568,71.19183931847247
29069,False,10000,10,2,1,500,0,0.1,2,36,28426.537298755247,300.0,27.300844134531907,11.061871767499692
4825,False,10000,10,3,1,500,0,0,1.1,2701,29335.250964203435,300.2,5.3564257502579515,56.258194035613236
50811,False,10000,10,2,1,500,0,0.001,3,7890,29509.60696350126,300.0,40.62840167591887,7.384410548408843
4966,False,10000,10,3,1,500,0,0,2,3127,29799.667335961498,300.5,5.25756641099823,57.5553142166731
43466,False,10000,10,2,1,500,0,0.05,3,860,29908.29846858154,299.9,33.70950864173534,8.905576101150814
4330,False,10000,10,3,1,500,0,0.0001,1.1,1271,29304.97694925323,300.1,4.953914682791639,63.562683510335106
5874,False,10000,10,3,1,500,0,0.0001,straight,2769,-2258399970228.398,300.0,6.438425054418163,47.00424164875168
41911,False,10000,10,2,1,500,0,0.1,straight,13,-41590399943680.17,300.0,42.60988744847203,7.045092554259162
21781,False,10000,10,2,1,500,0,1,2,0,28859.237452404323,300.0,20.603128409445933,14.640739181421495
5188,False,10000,10,3,1,500,0,0.0001,2,4088,29771.150778809155,300.1,5.4199054548726355,55.347646339669964
73350,False,10000,10,2,1,500,0,0,random,10368,29831.29090225003,300.0,73.52175562669625,4.079376787864575
157436,False,10000,10,1.1,1,500,0,0.001,random,18613,29718.30760193338,300.0,157.23157977489092,1.9073957935961192
6288,False,10000,10,3,1,500,0,0.001,straight,2615,-2776899969907.124,300.5,6.855810150259886,43.95649653869154
58482,False,10000,10,2,1,500,0,0.01,random,8739,29905.79886658709,300.2,58.740285307447266,5.107019043627133
6107,False,10000,10,3,1,500,0,0.001,1.1,2667,29012.596621648787,300.1,6.646114726492473,45.612055400911245
5917,False,10000,10,3,1,500,0,0.001,2,3721,29633.398170849403,300.2,6.097962827183182,49.271884321120275
3907,False,10000,10,3,1,500,0,0.005,straight,2521,-1385199970110.6572,300.4,4.475681429953715,67.49563397656897
2834,False,10000,10,3,1,500,0,0.005,3,2711,29873.86760746876,300.1,3.074732857677622,99.94491276736592
5361,False,10000,10,3,1,500,0,0.005,2,2640,29593.90546192548,300.0,5.679357397454647,53.309543655884326
36447,False,10000,10,2,1,500,0,1,1.1,0,21369.968701305384,299.9,36.93505681693454,8.125082818937752
7639,False,10000,10,3,1,500,0,0.005,1.1,2010,28747.699370642636,300.4,8.210803967461647,36.626467829101514
2773,False,10000,10,3,1,500,0,0.01,1.1,1852,29558.43796285661,300.0,3.3636371231339255,93.09713441686584
12961,False,10000,10,3,1,500,0,0.001,3,2762,29795.817262634384,300.0,10.909969768584057,27.70983382204335
106303,False,10000,10,1.1,1,500,0,0.1,random,35,29989.49048468614,299.9,107.00069835426521,2.8032129812723072
5082,False,10000,10,3,1,500,0,0.01,2,1563,29653.84872952477,300.2,5.405714523519806,56.10233267634324
44759,False,10000,10,2,1,500,0,1,straight,0,-44457999939397.39,300.0,45.45799999998475,6.600758564880948
8867,False,10000,10,3,1,500,0,0.01,straight,1455,-6017799967565.858,300.0,9.501689532065397,31.78395223387119
85091,False,10000,10,2,1,500,0,0.001,random,9821,29802.69684229386,300.1,85.28880156697427,3.515318473019801
32938,False,10000,10,3,1,500,0,0.0001,3,3860,29715.74289534335,300.0,26.132250865386727,11.511673124546245
49920,False,10000,10,3,1,500,0,0,3,3965,29647.52524401758,300.0,39.00083860421723,7.687888482986513
77597,False,10000,10,2,1,500,0,0.1,3,38,29836.477708515384,300.0,59.396199255138505,5.0675701428285524
161223,False,10000,10,1.1,1,500,0,0.01,random,15088,29692.13394198874,299.9,161.18565980736238,1.8600893509522212
20781,False,10000,10,3,1,500,0,0.05,2,246,28858.879106410528,300.0,19.81494903944204,15.289054938622437
141858,False,10000,10,1.1,1,500,0,0.05,random,159,29994.47895957002,300.0,142.5503645630872,2.104194781562866
56674,False,10000,10,3,1,500,0,0,random,2483,29888.056972412996,300.2,57.236941818410266,5.232641322491815
128854,False,10000,10,1.1,1,500,0,1,random,0,30000.0,300.0,129.55300000025454,2.3171999565289956
42498,False,10000,10,3,1,500,0,0.005,random,2963,29878.554845184914,300.1,43.039273268475455,6.9763905798971155
75839,False,10000,10,2,1,500,0,1,3,0,29837.86481162592,299.9,58.07287609448616,5.177653641765085
41517,False,10000,10,3,1,500,0,0.01,3,2863,29520.126819555677,300.3,32.97746661953771,9.121487903018215
111261,False,10000,10,2,1,500,0,0.005,random,10090,29814.662537268694,300.0,111.44672583747487,2.6910011517838384
123217,False,10000,10,2,1,500,0,0.0001,random,9376,29770.75071392909,300.0,123.44767936045173,2.429835824314302
43744,False,10000,10,3,1,500,0,0.05,1.1,175,19985.14827368397,300.0,44.20469972140137,6.817312542454445
26291,False,10000,10,3,1,500,0,0.1,2,86,28440.43129232357,300.1,24.880554310674157,12.14133334941597
42930,False,10000,10,3,1,500,0,0.1,straight,5,-42619799897186.89,300.0,43.628905663941296,6.892524152922618
43258,False,10000,10,3,1,500,0,0.1,1.1,137,19647.71726386133,300.0,43.74157213066401,6.863637655718388
120909,False,10000,10,2,1,500,0,0.05,random,359,30007.06083823172,300.1,121.59117084533561,2.4704615890883406
27861,False,10000,10,3,1,500,0,1,2,0,28364.389686192328,300.1,26.31536664804551,11.5222642567747
41323,False,10000,10,3,1,500,0,1,1.1,0,19933.5344688553,300.0,41.81634724486854,7.181554248511331
69008,False,10000,10,3,1,500,0,0.05,3,392,29866.736594046302,300.1,53.022102975814676,5.668346559488752
75561,False,10000,10,3,1,500,0,0.05,straight,11,-75212999803202.52,300.0,76.25958079816391,3.936736651579794
76337,False,10000,10,3,1,500,0,0.01,random,2357,29802.549526806222,300.0,76.91611246121103,3.9003375412438155
105350,False,10000,10,3,1,500,0,0.001,random,3835,29780.777094868252,300.1,105.84426060252379,2.8310305930811444
66936,False,10000,10,3,1,500,0,1,3,0,29883.214789473503,300.0,51.29701335480297,5.912698599368533
144932,False,10000,10,2,1,500,0,0.1,random,28,29999.93075556871,300.0,145.6296758578142,2.062940353175203
78065,False,10000,10,3,1,500,0,1,straight,0,-77763999802962.69,300.0,78.76400000001203,3.814704669717939
99834,False,10000,10,3,1,500,0,0.05,random,255,29997.908540362358,300.0,100.52050338422097,3.0003202416411083
32884,False,10000,20,uniform,1,500,0,0,straight,22454,-12335349985310.08,150.0,33.21851761246853,4.514308558124567
125557,False,10000,10,3,1,500,0,0.0001,random,5457,29855.193665575352,300.7,125.97112818206776,2.379346568721919
34055,False,10000,20,uniform,1,500,0,0,1.1,23143,12552.29193922221,150.0,34.0336545528921,4.40466591833057
31554,False,10000,20,uniform,1,500,0,0.0001,1.1,20836,12741.804837386444,149.95,31.638390849365543,4.738399528351758
34276,False,10000,20,uniform,1,500,0,0.0001,straight,22256,-12857599985356.45,150.0,34.61268716332111,4.3324541936153285
100793,False,10000,10,3,1,500,0,0.1,3,15,29766.66594511117,300.0,76.93775195557865,3.9063633337924175
40945,False,10000,20,uniform,1,500,0,0,2,27085,14275.923862500142,149.95,38.58936385990902,3.8850417398180936
31826,False,10000,20,uniform,1,500,0,0.001,straight,21171,-11777199985311.703,149.9,32.18709314545161,4.655843018970667
103914,False,10000,10,3,1,500,0,1,random,0,30000.0,300.0,104.61300000013546,2.8790173247417323
33842,False,10000,20,uniform,1,500,0,0.001,1.1,23093,12483.210214501107,150.0,33.81125517425703,4.4352508722665505
10054,False,10000,20,uniform,1,500,0,0.05,straight,150,-9691449984394.28,150.0,10.900631432878772,13.758932130352445
19796,False,10000,20,uniform,1,500,0,0.01,straight,8312,-8389449985232.119,149.9,20.473321203233834,7.319751154846974
19397,False,10000,20,uniform,1,500,0,0.01,1.1,8497,13151.417057491126,149.95,19.894042089897788,7.535812616868019
47648,False,10000,20,uniform,1,500,0,0.0001,2,29994,14220.976845307716,150.0,44.59814156505183,3.362349784519405
10561,False,10000,20,uniform,1,500,0,0.05,1.1,114,12881.332153674408,149.95,11.287769454319621,13.282375728767482
28592,False,10000,20,uniform,1,500,0,0.005,straight,17357,-10374599985311.652,149.95,29.0520788753889,5.160065503034618
41396,False,10000,20,uniform,1,500,0,0.001,2,25933,14308.160373003004,150.0,39.081403294568936,3.8374479722204726
31016,False,10000,20,uniform,1,500,0,0.005,1.1,19200,12680.004226616475,150.0,31.127398007801435,4.817606951267314
24058,False,10000,20,uniform,1,500,0,0.01,2,9930,14375.018316854135,150.0,23.14672025702437,6.483261841354978
9839,False,10000,20,uniform,1,500,0,0.1,straight,49,-9641149984367.682,149.95,10.686853718529482,14.0289107478846
13848,False,10000,20,uniform,1,500,0,0.05,2,133,14567.097628305108,150.0,13.26221202373743,11.309910003960146
10217,False,10000,20,uniform,1,500,0,0.1,1.1,28,12894.114713429995,149.95,10.948798151641379,13.693102952856435
9790,False,10000,20,uniform,1,500,0,1,straight,0,-9639049984397.068,149.95,10.639049999999543,14.091517139677936
160451,False,10000,10,3,1,500,0,0.1,random,269,29999.54013216869,300.0,161.13671400588822,1.8635723212572082
10015,False,10000,20,uniform,1,500,0,1,1.1,0,12960.366672218104,150.0,10.742175376725562,13.961103813505321
14095,False,10000,20,uniform,1,500,0,0.1,2,37,14582.8378610048,150.0,13.472521100352921,11.12863765688958
63438,False,10000,20,uniform,1,500,0,0.0001,3,32723,14573.393314321705,149.95,53.544853674811826,2.8007004743779076
14197,False,10000,20,uniform,1,500,0,1,2,1,14592.400730780922,149.95,13.560211967485216,11.057141869973147
45104,False,10000,20,uniform,1,500,0,0.005,2,24637,14161.2706910386,150.0,42.49323032513556,3.52910016578429
30405,False,10000,20,uniform,1,500,0,0.05,3,208,14944.747542925874,150.0,23.865338154178986,6.284603474228962
80441,False,10000,20,uniform,1,500,0,0,3,37574,14586.806365626577,150.0,66.63703014437202,2.250362984361947
247212,False,10000,10,2,1,500,0,1,random,0,30000.0,300.0,247.91100000081968,1.2109537978083602
21180,False,10000,20,1.1,1,500,0,0,straight,19638,-7664499985279.331,150.0,21.58001062744121,6.949174481513046
31660,False,10000,20,uniform,1,500,0,0.1,3,60,14948.195330428707,150.0,24.79195209252763,6.049310793945927
29544,False,10000,20,uniform,1,500,0,1,3,0,14949.323059837203,150.0,23.159756277088665,6.474516658789078
20376,False,10000,20,1.1,1,500,0,0.0001,straight,19050,-7122099985285.237,149.95,20.789454848914954,7.211230590802733
26012,False,10000,20,1.1,1,500,0,0,1.1,21345,13113.893621707088,150.0,26.11076241178123,5.741808791929462
29517,False,10000,20,1.1,1,500,0,0,2,25609,14472.1973108177,150.0,27.851885393868876,5.384288193238482
83490,False,10000,20,uniform,1,500,0,0.001,3,36658,14515.017362112907,150.0,68.89757372554917,2.1765728991748334
65434,False,10000,20,uniform,1,500,0,0.01,3,23176,14576.629666115428,149.9,54.122833025415126,2.7690164310512055
27204,False,10000,20,1.1,1,500,0,0.0001,1.1,21021,12918.698067642117,150.0,27.301752321753874,5.492747669331971
77094,False,10000,20,uniform,1,500,0,0.005,3,33329,14528.165862005288,149.95,63.92804880309152,2.344873076383344
32502,False,10000,20,1.1,1,500,0,0.0001,2,24284,14431.567628912264,149.95,30.811962440217382,4.865542753890513
25856,False,10000,20,1.1,1,500,0,0.001,straight,18865,-9699249985265.057,150.0,26.27713012172213,5.707344370607234
58861,False,10000,20,uniform,1,500,0,0.05,random,428,14986.433396870052,149.95,59.70107363766008,2.510978093237637
18537,False,10000,20,1.1,1,500,0,0.005,straight,13667,-6342849985348.097,149.95,19.085797217204735,7.85518710969959
26487,False,10000,20,1.1,1,500,0,0.001,1.1,20304,13030.63725384742,150.0,26.613235716150832,5.634895099071511
58370,False,10000,20,uniform,1,500,0,0.1,random,60,14999.42486903929,150.0,59.21774808582605,2.5325185139437467
32580,False,10000,20,1.1,1,500,0,0.001,2,26469,14333.886108119052,149.95,30.729337695066885,4.8782439580768076
22246,False,10000,20,1.1,1,500,0,0.005,1.1,17517,13301.350681895143,149.8,22.486959269591914,6.660243563123705
14141,False,10000,20,1.1,1,500,0,0.01,straight,7328,-6025049985198.15,150.0,14.838753510017838,10.11053170444534
9159,False,10000,20,1.1,1,500,0,0.05,1.1,220,13162.605124844302,149.95,9.905561727483235,15.158579458200597
10130,False,10000,20,1.1,1,500,0,0.05,straight,115,-9816699984141.35,150.0,10.977398516202072,13.666289368559827
15212,False,10000,20,1.1,1,500,0,0.01,1.1,10476,13670.824689446366,149.95,15.688289973315694,9.556763353440797
63122,False,10000,20,uniform,1,500,0,1,random,0,15000.0,150.0,63.970999999941625,2.3442484432493687
49316,False,10000,20,1.1,1,500,0,0.0001,3,32061,14713.503750584121,150.0,41.06987025228029,3.649080481147119
29260,False,10000,20,1.1,1,500,0,0.005,2,23246,14468.343699830879,150.0,27.683537559398957,5.417299170850472
14261,False,10000,20,1.1,1,500,0,0.05,2,243,14518.975946020782,150.0,13.713717756282113,10.96640525790761
10527,False,10000,20,1.1,1,500,0,0.1,straight,29,-10356549984001.275,150.0,11.375409847484871,13.187032059164784
25625,False,10000,20,1.1,1,500,0,0.01,2,18693,14453.880286956211,150.0,24.42340512398908,6.140050824322869
10457,False,10000,20,1.1,1,500,0,0.1,1.1,45,12805.841215060364,150.0,11.194286929648737,13.409246645924526
12701,False,10000,20,1.1,1,500,0,0.1,2,31,14581.453124959316,150.0,12.253510148462073,12.253539397568172
139297,False,10000,20,uniform,1,500,0,0,random,44899,14725.584433848493,150.0,139.03495578272825,1.0785177886496096
10025,False,10000,20,1.1,1,500,0,1,straight,1,-9873899984151.047,150.05,10.873931655198678,13.794861853031904
72418,False,10000,20,1.1,1,500,0,0,3,33566,14540.57888018743,149.95,59.5580953653218,2.5170590372645982
119056,False,10000,20,uniform,1,500,0,0.001,random,41676,14720.406264098321,149.95,118.87882158836953,1.2609726800574728
4055,False,10000,20,2,1,500,0,0,2,9681,14686.329222118893,150.0,4.548813122712681,33.05078434609305
138976,False,10000,20,uniform,1,500,0,0.0001,random,44520,14708.475203713198,150.0,138.72681329904043,1.0809128310407314
11245,False,10000,20,1.1,1,500,0,1,1.1,0,12627.400970586801,149.95,11.981083139703074,12.524482804834685
44160,False,10000,20,1.1,1,500,0,0.005,3,29454,14734.819915041244,149.95,37.2552362926034,4.023986186364394
3150,False,10000,20,2,1,500,0,0.0001,straight,7334,-796349985114.0867,150.1,3.7979759959404285,39.562606176587906
10355,False,10000,20,2,1,500,0,0,straight,10844,-3762849985268.504,150.05,10.944190243190475,13.707877053427984
13652,False,10000,20,1.1,1,500,0,1,2,0,14493.647041974235,149.95,13.1179657173316,11.438345864980313
8931,False,10000,20,2,1,500,0,0,1.1,12311,14059.551448793552,150.0,9.4185999456266,15.937007927418781
4011,False,10000,20,2,1,500,0,0.0001,2,10085,14855.055443050533,150.05,4.433802944415201,34.241281858361056
2402,False,10000,20,2,1,500,0,0.001,1.1,9605,14837.725451197542,150.0,2.998689337507977,51.15745937582535
27846,False,10000,20,1.1,1,500,0,0.1,3,27,14936.501858160147,149.9,21.927391712031536,6.849949498865891
85296,False,10000,20,1.1,1,500,0,0,random,37339,14803.32913275503,150.0,85.23027361303693,1.7593878701147307
45120,False,10000,20,1.1,1,500,0,0.01,3,21896,14712.222555685617,150.0,37.73430044237385,3.974023840866181
34230,False,10000,20,1.1,1,500,0,0.05,3,278,14937.368552580689,150.0,26.775709296466204,5.603375522375004
7650,False,10000,20,2,1,500,0,0.001,2,12655,14796.682137167601,150.0,7.7827814477195805,19.314424749502365
3480,False,10000,20,2,1,500,0,0.005,1.1,7552,14688.994597615825,149.95,4.122241562058442,36.47711378863941
17018,False,10000,20,2,1,500,0,0,3,14486,14815.126565793957,150.1,14.56157566342414,10.290415563805913
67879,False,10000,20,1.1,1,500,0,0.001,3,32079,14579.794015325126,149.95,55.953831082075375,2.6790741264388105
10568,False,10000,20,2,1,500,0,0.001,straight,10571,-3843399985258.55,150.05,11.162908002531642,13.440999550818365
5465,False,10000,20,2,1,500,0,0.005,straight,7517,-1718599985232.5803,150.0,6.137743111071749,24.68784873419994
13360,False,10000,20,2,1,500,0,0.0001,1.1,13456,13547.570615795965,150.2,13.789246646239338,10.878858520352031
5862,False,10000,20,2,1,500,0,0.005,2,6035,14599.015046669718,150.0,6.302763595337765,23.997961814960952
15937,False,10000,20,2,1,500,0,0.0001,3,15823,14854.083864475873,150.0,13.685984391691829,10.970455435119277
83832,False,10000,20,1.1,1,500,0,0.0001,random,30937,14431.770214775292,149.9,83.935701844453,1.7853591922516112
5535,False,10000,20,2,1,500,0,0.01,straight,5186,-2299199985049.306,150.0,6.271257543373676,24.016601095652724
5790,False,10000,20,2,1,500,0,0.01,1.1,5146,14237.34204256973,150.0,6.481259604205744,23.299379972936606
5827,False,10000,20,2,1,500,0,0.01,2,6257,14702.67070263776,150.05,6.190651009068587,24.296394874030657
12484,False,10000,20,2,1,500,0,0.005,3,8388,14799.201492175216,150.0,10.93029671492518,13.75011792731135
129086,False,10000,20,uniform,1,500,0,0.01,random,35356,14707.566214283672,150.0,129.06883212325164,1.1617913045186183
7175,False,10000,20,2,1,500,0,0.05,2,1342,14718.321274047441,150.0,7.382245332576298,20.681585193531465
20656,False,10000,20,2,1,500,0,0.001,3,17827,14798.705237643564,149.95,17.4625539543221,8.586870487659485
36042,False,10000,20,1.1,1,500,0,1,3,1,14912.414806727782,149.85,28.09703439616003,5.33633502219985
11281,False,10000,20,2,1,500,0,0.05,straight,717,-10917449978800.512,150.0,12.115694312337084,12.469708840866506
69957,False,10000,20,1.1,1,500,0,0.005,random,33692,14773.79640237772,149.95,69.98649902845439,2.1419317815591223
143356,False,10000,20,uniform,1,500,0,0.005,random,40254,14672.180422674539,149.95,143.21207752057302,1.046719187762719
10333,False,10000,20,2,1,500,0,0.05,3,578,14972.220085067782,150.0,8.744081644683998,17.916995809827164
82164,False,10000,20,1.1,1,500,0,0.001,random,35635,14754.581465329611,149.9,82.1468871670775,1.8242124466730192
16583,False,10000,20,2,1,500,0,0.01,3,8290,14708.5285107354,150.05,14.148263611786717,10.625861717198008
10254,False,10000,20,2,1,500,0,0.1,2,251,14507.306070472976,150.0,10.217382317078961,14.9372824828767
4506,False,10000,20,3,1,500,0,0,straight,5045,-1684849985141.0334,150.0,5.229929624358478,28.860256477928385
18529,False,10000,20,2,1,500,0,0.05,1.1,226,10747.768217620416,150.0,19.25976506024069,7.7966860031031
14890,False,10000,20,2,1,500,0,0.1,1.1,139,11533.23210618729,150.0,15.646102206256042,9.63618877241641
4983,False,10000,20,3,1,500,0,0,1.1,5416,14262.915959502227,150.25,5.670117237906386,26.589842095656728
51240,False,10000,20,1.1,1,500,0,0.1,random,42,14994.485128415312,149.95,52.08826777108088,2.8790013662124236
5147,False,10000,20,3,1,500,0,0,2,6210,14714.227858394986,150.0,5.563799349829389,27.120907020468895
2966,False,10000,20,3,1,500,0,0.0001,2,7218,14855.07227069118,150.0,3.495161973904095,43.00027060455559
4631,False,10000,20,3,1,500,0,0.0001,1.1,5262,14320.904207461903,150.0,5.321909717187247,28.425063813298586
25647,False,10000,20,2,1,500,0,0.01,random,7617,14597.995830915806,150.05,26.30734724715782,5.720609140719158
5607,False,10000,20,3,1,500,0,0.0001,straight,5860,-2079149985053.4048,150.15,6.309126386463881,23.828890803626827
3030,False,10000,20,3,1,500,0,0.001,straight,4210,-812349985239.3802,150.1,3.765198916263356,40.812207887271626
1556,False,10000,20,3,1,500,0,0.001,3,2380,14908.377132912618,150.35,2.2342804000989873,70.21585968250042
15842,False,10000,20,2,1,500,0,1,1.1,0,11251.752215631781,150.0,16.59483422057836,9.088113091754977
2248,False,10000,20,3,1,500,0,0.001,2,5289,14862.423453172854,150.25,2.8672381072991593,52.847257163362805
16487,False,10000,20,2,1,500,0,1,straight,0,-16335999975767.48,150.0,17.335999999998204,8.71323802158199
3632,False,10000,20,3,1,500,0,0.001,1.1,2425,14406.301551319655,150.2,4.411997787820882,34.562397665448614
25311,False,10000,20,2,1,500,0,0.05,random,1569,14995.1148541098,150.0,26.121946858370563,5.854586255271373
54366,False,10000,20,1.1,1,500,0,1,random,0,14995.0,149.95,55.21504999996201,2.7178808534665437
33110,False,10000,20,2,1,500,0,0.005,random,12518,14834.288677176737,150.05,33.64686095711696,4.458280002761833
3493,False,10000,20,3,1,500,0,0.005,1.1,5793,14549.881732154787,150.0,4.164144526545217,36.349031528357095
1458,False,10000,20,3,1,500,0,0.01,1.1,2134,14819.166672979516,150.0,2.2442354305948493,67.4784300911455
3834,False,10000,20,3,1,500,0,0.005,straight,3578,-1305699985157.7388,150.05,4.597342018752146,32.86845258703541
26554,False,10000,20,2,1,500,0,0.1,straight,23,-26386949967607.332,150.0,27.40255944163845,5.475875027552179
4002,False,10000,20,3,1,500,0,0.005,2,6620,14813.771781244397,150.0,4.481859790909337,33.66649260602303
21210,False,10000,20,2,1,500,0,1,2,0,13765.972351893364,150.0,20.24183358589834,7.435956758342746
24422,False,10000,20,2,1,500,0,0.1,3,152,14942.181403040686,150.0,19.348850618322512,7.787722622098163
3388,False,10000,20,3,1,500,0,0.01,straight,3016,-1587649984855.148,150.0,4.162352242115961,36.178583318792924
7112,False,10000,20,3,1,500,0,0.01,2,4419,14544.353481160771,150.0,7.429555091577997,20.25006243191042
76082,False,10000,20,1.1,1,500,0,0.05,random,468,14989.794560783408,150.0,76.92049869996238,1.9503675712740094
55624,False,10000,20,2,1,500,0,0,random,11361,14819.430926628778,150.05,56.18319652865366,2.6675147067988596
6447,False,10000,20,3,1,500,0,0.05,random,339,14999.29994158195,150.0,7.287834665804437,23.288783986211396
88324,False,10000,20,1.1,1,500,0,0.01,random,30403,14756.989957161897,149.95,88.42869264775264,1.6951871149945963
8174,False,10000,20,3,1,500,0,0.05,2,495,14569.047082014717,150.0,8.337901118964691,18.273449806728756
12582,False,10000,20,3,1,500,0,0.005,3,5430,14779.474394801035,150.0,10.819165801012849,13.93391181619668
9877,False,10000,20,3,1,500,0,0.01,3,4502,14827.07568423938,150.05,8.66268741215256,17.432305155837735
8677,False,10000,20,3,1,500,0,0.05,3,594,14983.346904810978,150.0,7.4602955742021475,20.547306915733355
25245,False,10000,20,3,1,500,0,0,3,6327,14585.99250162105,150.0,20.59281323298961,7.262986516602479
33477,False,10000,20,2,1,500,0,1,3,3,14937.979610797609,150.0,26.195165033299524,5.784561283112647
10472,False,10000,20,3,1,500,0,0.1,1.1,145,12541.242585842603,150.0,11.263014869723374,13.53135282075343
61583,False,10000,20,2,1,500,0,0.0001,random,14934,14827.046389925043,149.95,62.058400889712196,2.416457114154548
28550,False,10000,20,3,1,500,0,0.0001,3,5106,14712.671890776284,150.0,22.875839196753073,6.558187141005767
39496,False,10000,20,2,1,500,0,0.1,random,308,15004.743113503186,150.05,40.33713182191132,3.7485969781024204
19791,False,10000,20,3,1,500,0,0.05,1.1,192,10369.80700782286,150.0,20.53573910597438,7.340190645559031
13861,False,10000,20,3,1,500,0,0.1,3,210,14971.188692254942,150.0,11.37629272453314,13.64649397668499
25222,False,10000,20,3,1,500,0,0.05,straight,266,-24993549929335.656,150.0,26.065537008163936,5.779865887574892
30010,False,10000,20,3,1,500,0,0.001,random,6050,14737.93036780279,149.95,30.69533686672972,4.894767275604117
17991,False,10000,20,3,1,500,0,0.1,2,278,13856.773953102806,150.0,17.41284519404946,8.694329610257927
27503,False,10000,20,3,1,500,0,0.1,straight,4,-27348599935658.434,150.0,28.351936432996705,5.303374970865433
19836,False,10000,20,3,1,500,0,1,2,0,13841.33861294218,150.0,19.109683329242515,7.888338687842511
21667,False,10000,20,3,1,500,0,1,1.1,0,9900.838966761774,149.95,22.409544883020466,6.710590281444391
74449,False,10000,20,2,1,500,0,0.001,random,17670,14799.342870469842,150.0,74.85860477874681,1.9998757650570966
56702,False,10000,20,2,1,500,0,1,random,0,15000.0,150.0,57.55099999995658,2.6404240368658183
53373,False,10000,20,3,1,500,0,0.0001,random,5966,14856.955870802902,150.15,54.065588741806415,2.773478079648951
36639,False,10000,20,3,1,500,0,1,straight,0,-36487999919680.47,150.0,37.48800000000334,4.006885485694623
36818,False,10000,20,3,1,500,0,1,3,0,14925.404028385656,150.0,28.722351868925948,5.262058009730465
67263,False,10000,20,3,1,500,0,0.005,random,4155,14764.145757129203,150.25,68.00376230255566,2.207188268617923
77866,False,10000,20,3,1,500,0,0,random,9298,14728.08667595188,150.15,78.4696936587983,1.9113765978836483
65260,False,10000,20,3,1,500,0,0.01,random,3839,14827.303317172817,150.15,66.00923553901073,2.271488007856652
67009,False,10000,20,3,1,500,0,0.1,random,24,14999.9131392612,150.0,67.85762485923166,2.242011542549407
142312,False,10000,20,3,1,500,0,1,random,0,15000.0,150.0,143.16100000031952,1.0497147947353025
