4040,False,1000,50,uniform,1,500,0,0.01,straight,670,-2566559999123.4023,6.0,5.027668232862323,1.189782439943174
4120,False,1000,50,uniform,1,500,0,0.01,1.1,694,-200.52824193889953,6.0,5.084375774760497,1.176878112034684
4731,False,1000,50,uniform,1,500,0,0.005,straight,1528,-1748759999610.9421,5.98,5.710619836137213,1.0440297898243347
5378,False,1000,50,uniform,1,500,0,0.01,2,1002,300.7110774703279,6.0,6.017326079361051,0.995221760870511
6411,False,1000,50,uniform,1,500,0,0.005,1.1,1769,-357.6282083361329,6.0,7.358319388044169,0.812880376218
3671,False,1000,50,uniform,1,500,0,0.05,straight,32,-3641479997648.8037,6.0,4.663673282796202,1.2828851429039423
3488,False,1000,50,uniform,1,500,0,0.05,1.1,30,-229.82122938860712,6.0,4.461248145086121,1.3413159954410319
8962,False,1000,50,uniform,1,500,0,0.0001,1.1,5088,-369.36643725789395,6.0,9.85652645306821,0.606762232935075
9104,False,1000,50,uniform,1,500,0,0.001,1.1,4506,-451.1909849914261,6.0,10.000341783268924,0.5980992721674537
9259,False,1000,50,uniform,1,500,0,0,straight,4428,-3117959999834.0386,6.0,10.210448649194841,0.5857985200402721
9616,False,1000,50,uniform,1,500,0,0.005,2,3329,79.07749873753647,6.0,10.068948646772826,0.5940969037946207
9644,False,1000,50,uniform,1,500,0,0.0001,straight,4775,-3257999999832.706,6.0,10.591235429811515,0.5647239386861354
9798,False,1000,50,uniform,1,500,0,0.001,straight,4891,-3543599999676.3013,6.0,10.74411417696925,0.5566991312997615
4542,False,1000,50,uniform,1,500,0,0.05,2,34,309.6533177007925,6.0,5.15751787918301,1.1593854337848617
9682,False,1000,50,uniform,1,500,0,0,1.1,5254,-480.43434303779884,6.0,10.56652646609726,0.5660348727982609
11449,False,1000,50,uniform,1,500,0,0,2,5738,38.10347935656421,6.0,11.811429563387257,0.506265007043069
3735,False,1000,50,uniform,1,500,0,0.1,straight,8,-3724479997457.6245,6.0,4.727922418737244,1.265484273182419
3766,False,1000,50,uniform,1,500,0,0.1,1.1,3,-304.7776201963097,6.0,4.73846241165517,1.262632425598223
3417,False,1000,50,uniform,1,500,0,1,1.1,0,-272.4432072860456,6.0,4.391542745485491,1.3625532794349036
3820,False,1000,50,uniform,1,500,0,1,straight,0,-3812999997175.29,6.0,4.812999999999942,1.242973029524025
13924,False,1000,50,uniform,1,500,0,0.01,3,1841,370.554268335031,6.0,12.136172874330013,0.4932761758535301
4622,False,1000,50,uniform,1,500,0,0.1,2,6,341.67811095307576,6.0,5.227935193261228,1.1451400406755838
4553,False,1000,50,uniform,1,500,0,1,2,0,343.6335523780948,6.0,5.172228695989417,1.1567255887849317
15023,False,1000,50,uniform,1,500,0,0.001,2,6043,-263.3743478453205,6.0,15.138978104824885,0.39519748862640547
4654,False,1000,50,1.1,1,500,0,0,straight,3426,-1516899999583.1394,6.0,5.615068150749824,1.0655903674618803
11150,False,1000,50,uniform,1,500,0,0.05,3,30,574.8008267673946,6.0,9.43301279711004,0.6338515449193354
3612,False,1000,50,1.1,1,500,0,0.0001,straight,3013,-1093519999596.0978,6.0,4.577868763075664,1.3072683175429427
17723,False,1000,50,uniform,1,500,0,0.0001,2,8539,15.985573677032182,6.0,17.543498975409953,0.34097673221460345
4975,False,1000,50,1.1,1,500,0,0,1.1,2918,-58.01192050088784,6.0,5.914633142298616,1.011692066928737
4398,False,1000,50,1.1,1,500,0,0.0001,1.1,3122,78.68900031200302,6.0,5.338776437111542,1.120772038864295
10452,False,1000,50,uniform,1,500,0,0.1,3,8,573.5517955677801,5.98,8.883625367616418,0.6707851320902942
2877,False,1000,50,1.1,1,500,0,0.001,straight,2377,-676919999611.8174,6.0,3.8486135968375295,1.5558301163644317
6037,False,1000,50,1.1,1,500,0,0.0001,2,3563,224.28840026228264,6.0,6.691540248795865,0.8946447382081537
21650,False,1000,50,uniform,1,500,0,0.001,3,7274,115.06936152634094,5.98,19.01896736404084,0.3139848116730679
12011,False,1000,50,uniform,1,500,0,1,3,0,572.7705223898877,6.0,10.070138871773144,0.593550456618745
4234,False,1000,50,1.1,1,500,0,0.001,1.1,2796,129.79989258916828,5.98,5.1778998210132725,1.1521229050558093
8813,False,1000,50,1.1,1,500,0,0,2,4857,205.26842972602134,6.0,9.251214929221117,0.6471268622940805
2731,False,1000,50,1.1,1,500,0,0.005,straight,1203,-951919999562.4231,6.0,3.714392655783992,1.6112967499187192
1907,False,1000,50,1.1,1,500,0,0.01,straight,738,-1003859999361.9731,6.0,2.893889171025128,2.0695994191166687
3719,False,1000,50,1.1,1,500,0,0.005,1.1,1563,87.50268526841897,6.0,4.679811673589694,1.2788843581723985
6710,False,1000,50,1.1,1,500,0,0.001,2,4291,305.3299743669455,6.0,7.294559829166467,0.8205692562746681
25367,False,1000,50,uniform,1,500,0,0.005,3,6755,256.94804430246603,6.0,21.537539134268794,0.2777147953549661
2889,False,1000,50,1.1,1,500,0,0.01,1.1,896,127.23757750885235,6.0,3.85732783262586,1.551815359245958
5082,False,1000,50,1.1,1,500,0,0.005,2,3005,307.2720628801503,5.98,5.7943946698068975,1.0290441851177694
3080,False,1000,50,1.1,1,500,0,0.01,2,1106,433.6842528416591,6.0,3.8597428322183287,1.5521077947149442
19932,False,1000,50,uniform,1,500,0,0.1,random,6,599.9658711080003,6.0,20.92492802384749,0.28581024816855977
3885,False,1000,50,1.1,1,500,0,0.05,straight,27,-3859259996885.4893,6.0,4.877740749143814,1.2267689801416957
3757,False,1000,50,1.1,1,500,0,0.05,1.1,39,-283.7271867262778,6.0,4.728662713740859,1.265473728045138
3723,False,1000,50,1.1,1,500,0,0.05,2,66,382.63573195663986,6.0,4.4011306166810975,1.3641839537610605
22526,False,1000,50,uniform,1,500,0,0.05,random,42,599.1465892731939,6.0,23.518684274793483,0.25428871561434435
9784,False,1000,50,1.1,1,500,0,0.005,3,4313,423.4071647680878,6.0,8.993363345151833,0.66547924286668
18012,False,1000,50,1.1,1,500,0,0,3,6770,308.4273803255866,6.0,15.621080528577062,0.38262808580311325
6886,False,1000,50,1.1,1,500,0,0.01,3,2221,442.5255519913166,6.0,6.61569654203425,0.9074137256617127
31703,False,1000,50,uniform,1,500,0,0.0001,3,8908,61.14109830756096,6.0,26.652757521118218,0.22437746503286576
15294,False,1000,50,1.1,1,500,0,0.0001,3,6113,367.03192809620157,6.0,13.37345413123343,0.44748276130221226
28947,False,1000,50,uniform,1,500,0,0.01,random,2603,334.31250837601533,6.0,29.915307277956945,0.19991022573190306
3953,False,1000,50,1.1,1,500,0,0.1,straight,8,-3943979996825.9604,6.0,4.945948116457966,1.2098113683193041
8569,False,1000,50,1.1,1,500,0,0.01,random,1778,441.3416612943574,6.0,9.545674565697796,0.6266720889811698
3604,False,1000,50,1.1,1,500,0,0.1,1.1,8,-238.57838640102193,5.98,4.57680988339851,1.3029206213743887
23713,False,1000,50,uniform,1,500,0,1,random,0,600.0,6.0,24.706000000007208,0.24206914536261034
1947,False,1000,50,2,1,500,0,0,straight,1930,-535559999526.4024,6.0,2.921939380832718,2.0506109759077584
34760,False,1000,50,uniform,1,500,0,0,3,10231,135.8123095892056,6.0,28.989308085057495,0.20631295535460129
4839,False,1000,50,1.1,1,500,0,0.1,2,15,313.579074032021,6.0,5.431413050623707,1.1024135332950546
3913,False,1000,50,1.1,1,500,0,1,1.1,0,-358.36864902031573,5.98,4.885332263733704,1.2208044739848412
4191,False,1000,50,1.1,1,500,0,1,straight,0,-4183999996465.6704,6.0,5.184000000000065,1.1504428228379213
2442,False,1000,50,2,1,500,0,0,1.1,1520,199.48762379124565,6.02,3.411651152247207,1.7608920096914622
4314,False,1000,50,1.1,1,500,0,1,2,0,335.1585985733238,6.0,4.953133133378785,1.2114249950344889
1203,False,1000,50,2,1,500,0,0,random,1288,444.4287846285697,6.0,2.18475341701497,2.7504535395586824
1346,False,1000,50,2,1,500,0,0.0001,straight,1402,-452319999463.5921,6.0,2.3266094731435984,2.580237369502409
1007,False,1000,50,2,1,500,0,0.0001,1.1,890,457.5934806352574,6.0,1.989554391941768,3.0386505675505697
835,False,1000,50,2,1,500,0,0.0001,random,758,499.4074243290382,6.0,1.8218251971956518,3.312167468022165
9549,False,1000,50,1.1,1,500,0,0.05,3,59,583.1750592593385,6.0,8.213347863158791,0.7280612381496137
3215,False,1000,50,2,1,500,0,0,2,1455,327.65937237757765,6.02,4.038687212523041,1.4878647258759141
1334,False,1000,50,2,1,500,0,0.001,straight,760,-289799999568.15643,6.0,2.3207447336642373,2.5959060290042744
769,False,1000,50,2,1,500,0,0.005,straight,865,-239679999456.25848,6.0,1.7549168479738184,3.4368324464621356
1385,False,1000,50,2,1,500,0,0.001,1.1,1089,417.84175050199735,6.04,2.3620037060214085,2.547861436483862
1975,False,1000,50,2,1,500,0,0.0001,3,1888,473.30821623035825,6.0,2.7159667855218124,2.23014608117513
2345,False,1000,50,2,1,500,0,0.0001,2,2239,407.16571263600724,6.0,3.2185473722206823,1.8635710363350584
1915,False,1000,50,2,1,500,0,0.001,2,1386,430.06990512486595,5.98,2.820999522114383,2.120545966614923
711,False,1000,50,2,1,500,0,0.01,straight,445,-406999999365.9126,6.02,1.7005121955793223,3.5540800258664014
1660,False,1000,50,2,1,500,0,0.005,1.1,907,342.7988471018395,6.0,2.638271436009434,2.2725142296260366
1649,False,1000,50,2,1,500,0,0.005,3,821,480.7787649115511,6.0,2.457568180642616,2.4543486428381787
1378,False,1000,50,2,1,500,0,0.01,1.1,648,382.20144243647127,6.0,2.3580615431078,2.551047786066028
1159,False,1000,50,2,1,500,0,0.01,2,943,515.1157797003845,6.0,2.0814121112622717,2.8427178827428445
3280,False,1000,50,2,1,500,0,0.005,2,1176,255.87204988608863,6.0,4.109371176765187,1.4613294007446391
2449,False,1000,50,2,1,500,0,0.01,random,953,547.4140051040367,6.0,3.433428090098794,1.7519499042618776
1763,False,1000,50,2,1,500,0,0.05,1.1,141,221.08104587025974,6.0,2.7449838583864055,2.199114777984691
6502,False,1000,50,2,1,500,0,0,3,3047,420.48537828389846,6.0,6.289161988424074,0.9535134288620594
10130,False,1000,50,1.1,1,500,0,0.1,3,6,579.4689529280967,6.0,8.643794598962048,0.6921285361765683
24329,False,1000,50,1.1,1,500,0,0.001,3,6092,289.99477583981104,6.0,20.455649374303697,0.29233705450967584
3014,False,1000,50,2,1,500,0,0.05,2,59,435.72138746370763,6.0,3.7620677686537194,1.6052423854416964
3903,False,1000,50,2,1,500,0,0.05,straight,53,-3867759995185.0044,5.98,4.895751388920598,1.2202522162412242
11735,False,1000,50,1.1,1,500,0,1,3,0,578.7646818401454,6.0,9.86512275758893,0.6062544065737214
7311,False,1000,50,2,1,500,0,0.001,3,2921,413.3619909463439,6.0,6.871859737203998,0.8716617476866317
3941,False,1000,50,2,1,500,0,0.1,2,20,368.7465232764918,6.0,4.615465634544977,1.3031347611855608
4393,False,1000,50,2,1,500,0,0.1,1.1,5,-477.86348205843655,6.0,5.363113128527591,1.1166199053868844
7563,False,1000,50,2,1,500,0,0.01,3,1015,450.23794979338027,6.0,6.939382581199014,0.8639761188005832
5737,False,1000,50,2,1,500,0,0.05,3,101,589.6001004667179,6.0,5.338541272096816,1.1154424524222015
5722,False,1000,50,2,1,500,0,0.1,straight,3,-5713759991456.206,6.0,6.714957153020008,0.8911916576877775
29998,False,1000,50,1.1,1,500,0,0.0001,random,7117,413.41249918588846,6.0,30.92158188739253,0.1934060807235216
18599,False,1000,50,1.1,1,500,0,0.05,random,37,599.4564538307197,6.0,19.591647746079424,0.3053475093204104
3626,False,1000,50,2,1,500,0,1,1.1,0,-272.0028913882523,6.0,4.60032869081609,1.3031133988801766
1417,False,1000,50,3,1,500,0,0,straight,855,-416719999514.7494,6.0,2.402200301647948,2.493882544718966
4662,False,1000,50,2,1,500,0,1,straight,0,-4654999993691.888,6.0,5.655000000000221,1.0586871771351076
496,False,1000,50,3,1,500,0,0.0001,2,511,507.7919678241322,6.0,1.4813155184068034,4.103697247301127
2236,False,1000,50,3,1,500,0,0,1.1,739,190.47168825782103,6.0,3.215347316968778,1.8688624107711838
1974,False,1000,50,3,1,500,0,0,2,805,390.72257341381663,6.02,2.870337980415771,2.0919597744023677
1221,False,1000,50,3,1,500,0,0.0001,1.1,1036,377.47487209879347,6.0,2.1997170901714296,2.7312071583445765
5197,False,1000,50,2,1,500,0,1,2,0,265.72631663790384,6.0,5.777277511993218,1.04042185749168
432,False,1000,50,3,1,500,0,0.001,straight,602,-41339999471.72308,6.0,1.4200724013385295,4.290881118528047
478,False,1000,50,3,1,500,0,0.001,1.1,383,518.5175015949432,6.0,1.4679290006925094,4.118214621996566
6763,False,1000,50,2,1,500,0,0.1,random,50,599.9588524744521,6.0,7.755572958993523,0.7776114937031662
2467,False,1000,50,3,1,500,0,0.0001,straight,765,-1120879999392.1226,6.0,3.4535273364720096,1.7371844756423758
514,False,1000,50,3,1,500,0,0.005,straight,565,-170739999443.38773,6.0,1.502349869022001,4.0758968551669135
7558,False,1000,50,2,1,500,0,0.1,3,31,578.921511544171,5.98,6.716163591980319,0.891480929989572
557,False,1000,50,3,1,500,0,0.005,1.1,546,508.3972881008278,6.0,1.5428027466790757,3.9111113434558433
552,False,1000,50,3,1,500,0,0.005,3,421,535.2110304030405,6.0,1.4986708332307919,4.069376884380313
13387,False,1000,50,2,1,500,0,0.005,random,1309,466.23646351227245,6.04,14.36789712555793,0.41657404749518956
328,False,1000,50,3,1,500,0,0.01,straight,335,-137199999408.06062,6.06,1.318582239609576,4.554964274336825
576,False,1000,50,3,1,500,0,0.01,2,373,546.3242701588723,6.0,1.5373971994290203,3.969323022316353
704,False,1000,50,3,1,500,0,0.01,1.1,410,476.5349881908717,6.0,1.6902743625624919,3.5912253831153436
2543,False,1000,50,3,1,500,0,0.001,random,719,537.1924142259536,6.0,3.529191350312421,1.6990138324133148
2051,False,1000,50,3,1,500,0,0.005,2,810,420.9444945292954,6.0,2.9334060849585994,2.051133905755357
4588,False,1000,50,3,1,500,0,0.001,2,737,170.59915550327503,6.02,5.301050783552658,1.1341683360388601
20976,False,1000,50,1.1,1,500,0,1,random,0,600.0,6.0,21.96900000000387,0.27226864983579663
13805,False,1000,50,2,1,500,0,0.05,random,111,599.2802089609634,6.0,14.797029388164951,0.4039873168101761
3499,False,1000,50,3,1,500,0,0.01,3,798,542.0810233446946,6.0,3.7071571658014584,1.616247835264427
25189,False,1000,50,1.1,1,500,0,0.1,random,6,599.960229738963,6.0,26.181962511854397,0.2284531323786367
6226,False,1000,50,3,1,500,0,0.005,random,1189,449.15996060898055,6.02,7.207364625715723,0.8316088927133428
4527,False,1000,50,3,1,500,0,0.05,1.1,48,-489.842276578544,6.0,5.496208413858864,1.0912163436073663
3853,False,1000,50,3,1,500,0,0.05,2,80,366.2417622401699,6.0,4.540024155397624,1.3217878175826825
12936,False,1000,50,2,1,500,0,1,3,0,577.1666774249865,6.0,10.766899806057923,0.5571621593348414
8137,False,1000,50,3,1,500,0,0.05,straight,20,-8112739980175.077,6.0,9.129818133467333,0.6557157507462976
3906,False,1000,50,3,1,500,0,0.1,2,13,377.7822981612133,6.0,4.592588766819623,1.3102035693189942
4285,False,1000,50,3,1,500,0,0.1,1.1,41,-400.5978137546932,6.0,5.255653065508318,1.1413484009425023
6302,False,1000,50,3,1,500,0,0.1,straight,8,-6292279987766.412,6.0,7.294947593714138,0.8209138445672102
4980,False,1000,50,3,1,500,0,0.1,3,32,589.6685092042388,6.0,4.7592997685408065,1.2738099927043869
12768,False,1000,50,3,1,500,0,0.001,3,1564,353.28610303090676,6.0,11.006387111033332,0.5452912593587429
5840,False,1000,50,3,1,500,0,1,straight,0,-5832999987989.545,6.0,6.833000000000615,0.8772863497283467
17698,False,1000,50,3,1,500,0,0,3,1130,322.8818922117135,5.98,14.737805019055223,0.4058468373093701
11813,False,1000,50,3,1,500,0,0.05,3,61,577.0198669205943,6.0,9.924210503902994,0.6044461201157132
20753,False,1000,50,2,1,500,0,1,random,0,600.0,6.0,21.746000000003598,0.275499099211849
19457,False,1000,50,3,1,500,0,0,random,2067,462.50588626340954,6.04,20.430772768847415,0.29180760842295334
4919,False,1000,50,3,1,500,0,1,random,0,598.0,5.98,5.912020000000307,1.0240404003725112
12104,False,1000,50,3,1,500,0,0.05,random,49,599.7101013891684,6.0,13.096513203863987,0.4581122414828754
7574,False,1000,50,3,1,500,0,1,1.1,0,-1200.6665180440066,6.0,8.529545795052105,0.7021842020761697
7139,False,1000,50,3,1,500,0,1,2,0,144.62942443080829,6.0,7.558825404616876,0.7938890353137187
68603,False,1000,50,uniform,1,500,0,0.005,random,8094,284.4314988037839,6.0,69.51766278485923,0.08602314086748915
18104,False,1000,50,3,1,500,0,0.01,random,1163,480.79937874680394,6.0,19.085938256403416,0.31045147891502756
57584,False,1000,50,1.1,1,500,0,0,random,6675,383.99982881160963,6.0,58.51216263824159,0.1022060610692828
24429,False,1000,50,3,1,500,0,0.0001,3,1791,329.74190216365963,6.04,19.810360564905373,0.3011388676861402
53755,False,1000,50,1.1,1,500,0,0.005,random,6569,381.3827515887304,6.0,54.682905526990574,0.10936143746711222
79773,False,1000,50,uniform,1,500,0,0.001,random,11074,346.21852218030733,6.0,80.65617878024788,0.07414305720391053
20518,False,1000,50,3,1,500,0,1,3,0,546.9305246775532,5.98,16.507058206427956,0.36149113958326706
82912,False,1000,50,uniform,1,500,0,0.0001,random,11437,346.845544408788,6.0,83.79146711391084,0.07136919581430766
66206,False,1000,50,1.1,1,500,0,0.001,random,7756,380.4680527082808,6.0,67.12309074893795,0.08909363081857855
39037,False,1000,50,3,1,500,0,0.1,random,4,599.9663776371489,6.0,40.029977791856446,0.1497426209091798
62444,False,1000,50,2,1,500,0,0.001,random,4025,428.8566817820904,5.98,63.398796236406504,0.09401719062060403
101702,False,1000,50,uniform,1,500,0,0,random,11231,260.71873699062695,6.0,102.58337727023054,0.058294694496512485
53489,False,1000,50,3,1,500,0,0.0001,random,1180,403.09851440426684,6.0,54.471294734940926,0.10982593058531727
