3867,False,1000,50,uniform,1,500,0,0.01,straight,630,-2496719999114.8936,6.0,4.854954549282296,1.2322764317043637
4205,False,1000,50,uniform,1,500,0,0.01,1.1,613,-218.6639442140565,6.0,5.170042767256722,1.1571491749379585
5215,False,1000,50,uniform,1,500,0,0.005,straight,1596,-2010879999622.6487,6.0,6.1945426112074005,0.9656972851426988
5741,False,1000,50,uniform,1,500,0,0.01,2,855,266.3042824428946,6.0,6.340985006949109,0.9440790623792129
6178,False,1000,50,uniform,1,500,0,0.005,1.1,1654,-379.7359501129434,6.0,7.127364424740708,0.8392758166686892
7951,False,1000,50,uniform,1,500,0,0.001,straight,3769,-2504819999742.1133,6.0,8.909339808803674,0.6713252573043976
8225,False,1000,50,uniform,1,500,0,0.005,2,2604,84.44714336557489,6.0,8.775865527323946,0.6815359206018665
3532,False,1000,50,uniform,1,500,0,0.05,straight,41,-3490419997921.409,6.0,4.524645271350381,1.3221755466918814
8840,False,1000,50,uniform,1,500,0,0.001,1.1,3880,-511.1340859806437,6.0,9.753091723009454,0.6132093747595408
8916,False,1000,50,uniform,1,500,0,0.0001,straight,5001,-3089679999688.212,6.0,9.860554680502586,0.606569445878967
9224,False,1000,50,uniform,1,500,0,0.0001,1.1,4943,-448.6926326802238,6.0,10.115147194020249,0.5912641828264601
4138,False,1000,50,uniform,1,500,0,0.05,1.1,37,-391.5794630450783,6.0,5.107946068856221,1.1712479891957406
4563,False,1000,50,uniform,1,500,0,0.05,2,21,376.7157910628448,5.98,5.158462943867823,1.1567511802288806
10449,False,1000,50,uniform,1,500,0,0,straight,5445,-3748719999718.3223,6.0,11.389442489727497,0.5251408472027366
10517,False,1000,50,uniform,1,500,0,0,1.1,5311,-567.8606055791169,6.0,11.39828605990072,0.5246970614850957
3328,False,1000,50,uniform,1,500,0,0.1,straight,10,-3317159997953.918,6.0,4.320890985818898,1.3799556555164483
11547,False,1000,50,uniform,1,500,0,0.01,3,1273,358.924926360696,6.0,10.244501356360804,0.5836458246727558
3387,False,1000,50,uniform,1,500,0,0.1,1.1,6,-169.31935564332127,6.0,4.358313095064512,1.3728777097968743
4464,False,1000,50,uniform,1,500,0,1,straight,0,-4456999996686.082,6.0,5.457000000000156,1.0962933557576897
13897,False,1000,50,uniform,1,500,0,0.0001,2,6389,-3.5832712046549453,6.0,14.029235141789377,0.42641160705663517
5336,False,1000,50,uniform,1,500,0,0.1,2,12,286.6011856566724,6.0,5.879342618310633,1.0178725286168842
4015,False,1000,50,uniform,1,500,0,1,1.1,0,-333.1005598549943,6.0,4.984994765077229,1.1961499760458514
15505,False,1000,50,uniform,1,500,0,0.001,2,6692,-65.22488986761519,6.0,15.547506797440489,0.3847203279869642
5138,False,1000,50,uniform,1,500,0,1,2,0,374.1840164026019,6.0,5.683680353367439,1.0530271822587731
3356,False,1000,50,1.1,1,500,0,0,1.1,2987,234.3895450799328,5.96,4.301325865912313,1.3826281424098394
16586,False,1000,50,uniform,1,500,0,0,2,7313,-31.062763691057185,6.0,16.506518584090824,0.3624245351627629
11884,False,1000,50,uniform,1,500,0,0.05,3,46,574.785697007282,6.0,9.981003919721816,0.599258399541577
6380,False,1000,50,1.1,1,500,0,0,straight,3157,-2149099999657.1184,6.0,7.343712208529288,0.8147775312422115
5702,False,1000,50,1.1,1,500,0,0.0001,straight,3320,-1989139999653.7957,6.0,6.664149359457895,0.8977272950280748
4751,False,1000,50,1.1,1,500,0,0.0001,1.1,3766,54.996116586760664,6.0,5.6801822135636435,1.0535467080669618
6454,False,1000,50,1.1,1,500,0,0,2,4534,254.11263008596836,6.0,7.0625031988861995,0.8484212203818106
3326,False,1000,50,1.1,1,500,0,0.001,straight,2143,-888959999659.8438,5.98,4.300292133749773,1.387147940970473
10878,False,1000,50,uniform,1,500,0,1,3,0,578.3327661979987,5.98,9.21481725180384,0.6466727920723956
12608,False,1000,50,uniform,1,500,0,0.1,3,3,573.8766091380899,6.0,10.51759447157857,0.5687090506146828
7240,False,1000,50,1.1,1,500,0,0.0001,2,5382,299.70458053659246,6.0,7.7785873422252765,0.7689281229283409
5084,False,1000,50,1.1,1,500,0,0.001,1.1,3113,-53.063510285561925,6.0,6.018971723987891,0.9940434710451853
2237,False,1000,50,1.1,1,500,0,0.005,straight,1026,-710019999540.3035,6.02,3.221787781177215,1.8579537324342592
3625,False,1000,50,1.1,1,500,0,0.005,1.1,1843,97.49696192460516,6.0,4.5824167854071085,1.3059043968206865
2471,False,1000,50,1.1,1,500,0,0.01,straight,683,-1361499999319.5813,6.0,3.458995134107849,1.7303043871353507
6152,False,1000,50,1.1,1,500,0,0.001,2,4796,341.45355560233895,6.0,6.748307446531191,0.8865045419491908
1922,False,1000,50,1.1,1,500,0,0.01,1.1,742,335.08458524161927,6.0,2.896476219552531,2.066583703237193
27570,False,1000,50,uniform,1,500,0,0,3,7408,-78.2748890391888,6.0,23.540750546016803,0.2540672526979582
29778,False,1000,50,uniform,1,500,0,0.005,3,6681,93.73321882074288,6.0,25.18042976670865,0.23750816188241092
3326,False,1000,50,1.1,1,500,0,0.01,2,1156,408.87577085219317,6.0,4.10122405914418,1.460274813775812
7913,False,1000,50,1.1,1,500,0,0.005,2,3175,186.375202182373,6.0,8.451583821118849,0.7085071995089092
21884,False,1000,50,uniform,1,500,0,0.05,random,47,598.5978142599893,6.0,22.876567140850014,0.26142841008535855
3706,False,1000,50,1.1,1,500,0,0.01,3,1479,493.82539222860737,6.0,4.067759696076128,1.4611317334123388
22090,False,1000,50,uniform,1,500,0,0.1,random,7,599.96547168518,6.0,23.082944061197807,0.2590914435923364
3800,False,1000,50,1.1,1,500,0,0.05,straight,42,-3767419996985.4976,5.96,4.792705628988719,1.2402831863715549
2975,False,1000,50,1.1,1,500,0,0.05,2,59,420.0524251074507,6.0,3.7219568494244952,1.6143180843239286
18689,False,1000,50,1.1,1,500,0,0,3,5898,332.2920922604041,6.0,16.030180807907232,0.373244380943596
3861,False,1000,50,1.1,1,500,0,0.05,1.1,48,-327.3194902423765,6.0,4.832965756038524,1.2382258384226468
33542,False,1000,50,uniform,1,500,0,0.001,3,9443,201.17607825370408,6.0,28.075726486325102,0.21303377354731992
33619,False,1000,50,uniform,1,500,0,0.0001,3,9256,250.5204339364688,6.0,28.081356311347886,0.21304738780023036
3858,False,1000,50,1.1,1,500,0,0.1,straight,6,-3848239996837.3833,6.0,4.850963796103527,1.2336548578653095
23811,False,1000,50,uniform,1,500,0,1,random,0,600.0,6.0,24.80400000000733,0.24111115126456287
4123,False,1000,50,1.1,1,500,0,0.1,1.1,8,-399.4896710877963,6.0,5.09405567645702,1.174951355651732
12671,False,1000,50,1.1,1,500,0,0.005,3,3466,260.0373575976589,5.98,11.36630643563588,0.5244156243173617
4269,False,1000,50,1.1,1,500,0,0.1,2,11,356.1588693582104,5.98,4.912482121931604,1.2173168526781377
1512,False,1000,50,2,1,500,0,0,straight,1086,-230499999646.54333,6.04,2.4960301288415465,2.411313929635662
1461,False,1000,50,2,1,500,0,0,1.1,1624,403.0874853101157,6.0,2.4341193614343126,2.4716774345286625
4015,False,1000,50,1.1,1,500,0,1,straight,0,-4007999996603.47,6.0,5.008000000000006,1.1948464920560127
3830,False,1000,50,1.1,1,500,0,1,1.1,0,-359.94456660981274,6.0,4.80197648625312,1.2461362397529399
1644,False,1000,50,2,1,500,0,0,2,1286,495.7125298495141,6.0,2.5570430210836275,2.3452718075088876
4430,False,1000,50,1.1,1,500,0,1,2,0,344.71066717631993,6.0,5.048554070392444,1.1846463675042758
18362,False,1000,50,1.1,1,500,0,0.001,3,5281,301.8654877274563,6.0,15.760853464367003,0.3796321419555231
479,False,1000,50,2,1,500,0,0.0001,3,758,533.8483099817627,6.0,1.4605975050614024,4.105202602189036
2627,False,1000,50,2,1,500,0,0,3,1480,475.1059906803738,6.0,3.184720725391034,1.8820779857593173
799,False,1000,50,2,1,500,0,0.001,straight,748,-127059999503.44044,6.0,1.786429933144963,3.3715149273409253
10253,False,1000,50,1.1,1,500,0,0.05,3,49,574.9703871178953,6.0,8.73962202575189,0.6844773394227738
22235,False,1000,50,1.1,1,500,0,0.0001,3,6030,284.4411529114263,5.98,18.797100205890178,0.3175838287103018
2536,False,1000,50,2,1,500,0,0.0001,straight,1161,-731539999659.1304,6.0,3.519332371839803,1.7053474241475934
2587,False,1000,50,2,1,500,0,0.0001,1.1,1892,214.34223753071265,6.02,3.5498164691561045,1.688397918352496
2706,False,1000,50,2,1,500,0,0.0001,2,1226,374.6665889152704,6.0,3.5569774765032203,1.6919206640545934
717,False,1000,50,2,1,500,0,0.001,2,791,488.07996109996634,6.0,1.6875200331144138,3.5792769599763012
789,False,1000,50,2,1,500,0,0.005,1.1,809,476.0018643763895,6.0,1.7717687061578866,3.380521626440074
2059,False,1000,50,2,1,500,0,0.001,1.1,1354,251.49983227597943,6.0,3.033092885584608,1.9779356374313806
1843,False,1000,50,2,1,500,0,0.005,straight,1113,-649279999493.5338,6.02,2.825977988513953,2.113946801066571
2059,False,1000,50,2,1,500,0,0.005,2,864,403.48972510602647,6.0,2.952983789946275,2.04462985421224
784,False,1000,50,2,1,500,0,0.01,1.1,565,482.9832801860682,6.04,1.7684168086547247,3.408007051602846
10542,False,1000,50,1.1,1,500,0,0.1,3,11,577.2611327905772,6.0,8.973548232676103,0.6662027226678454
375,False,1000,50,2,1,500,0,0.01,2,625,569.3238682275024,5.98,1.3478348467336105,4.5292772501071985
1186,False,1000,50,2,1,500,0,0.01,straight,591,-641239999377.6793,6.0,2.174186132056905,2.76168952353581
2093,False,1000,50,2,1,500,0,0.005,random,1265,483.8516828627768,6.0,3.074670476343994,1.946399235790873
1077,False,1000,50,2,1,500,0,0.01,3,670,542.2549955265041,6.0,1.908797603541284,3.159405205801546
1336,False,1000,50,2,1,500,0,0.01,random,1104,554.0223439321667,6.02,2.3186696842149304,2.5985197021006723
4654,False,1000,50,2,1,500,0,0.001,3,2405,408.0592979612502,5.98,4.875290382645509,1.2146263437009843
45121,False,1000,50,uniform,1,500,0,0.005,random,6182,138.02366892337872,6.0,46.053698318280105,0.12985317706038738
21622,False,1000,50,1.1,1,500,0,0.005,random,4773,356.6602189277491,6.0,22.568316913118743,0.26500449469644205
40880,False,1000,50,uniform,1,500,0,0.01,random,3708,329.88697348725583,6.0,41.837153547058236,0.14294064319391775
12765,False,1000,50,1.1,1,500,0,1,3,0,569.1071727114369,6.0,10.641588173029639,0.5617710466359889
3646,False,1000,50,2,1,500,0,0.05,straight,52,-3620479995413.149,6.0,4.638618165760782,1.2919794499963009
5954,False,1000,50,2,1,500,0,0.005,3,1352,452.22812224676846,6.0,5.731330040031772,1.042281870829565
19423,False,1000,50,1.1,1,500,0,0.01,random,3099,455.1864392340036,6.0,20.386134452872337,0.29339413309114937
3635,False,1000,50,2,1,500,0,0.05,2,97,396.62848292107526,6.0,4.3332319948555735,1.392633081526973
17357,False,1000,50,1.1,1,500,0,0.05,random,42,599.3062927083448,6.0,18.349592926003172,0.3261318764884254
3739,False,1000,50,2,1,500,0,0.05,3,155,592.3822781018202,6.0,3.823907467928239,1.5623619434852452
3197,False,1000,50,2,1,500,0,0.1,1.1,53,-183.87347261773854,5.98,4.172631545790045,1.4295842940359
4960,False,1000,50,2,1,500,0,0.05,1.1,35,-543.066733761879,6.0,5.927724105027948,1.0105276156530443
15543,False,1000,50,1.1,1,500,0,0.1,random,7,599.9646345022417,6.0,16.535939376378536,0.36183329536242176
572,False,1000,50,3,1,500,0,0,1.1,627,492.4629486979369,6.0,1.5569090806458556,3.905103642698474
4517,False,1000,50,2,1,500,0,0.1,straight,10,-4506439993960.312,6.0,5.509916254976193,1.086790291743603
1661,False,1000,50,3,1,500,0,0,2,791,427.94781217390255,6.02,2.5805884960466754,2.3544437385788446
4685,False,1000,50,2,1,500,0,0.1,2,12,272.1427476420511,6.0,5.3051938357249515,1.1360558768402762
2307,False,1000,50,3,1,500,0,0,straight,1037,-893299999478.7607,5.98,3.291273804740882,1.8106550253554554
3791,False,1000,50,2,1,500,0,1,2,0,361.66735856616265,6.0,4.481839394298321,1.3381425581962054
2043,False,1000,50,3,1,500,0,0.0001,straight,862,-788239999540.6455,6.0,3.027987698205521,1.98485401449289
4778,False,1000,50,2,1,500,0,1,1.1,1,-586.5989059693471,6.0,5.747005406502163,1.0422951409906327
2032,False,1000,50,3,1,500,0,0.0001,1.1,774,157.3634917342908,6.0,3.0116671046341135,1.9977938308306689
6709,False,1000,50,2,1,500,0,0.1,3,39,585.3560099489606,6.0,6.072564583851765,0.9880298226166944
3874,False,1000,50,3,1,500,0,0,3,635,495.0491711228111,6.0,4.084709891972721,1.49025674544343
2808,False,1000,50,3,1,500,0,0.0001,2,902,295.89118129320667,6.0,3.660305106929316,1.6376717238618144
2809,False,1000,50,3,1,500,0,0.0001,3,783,352.5616789233037,6.0,3.4252487436880688,1.7717062909944474
6617,False,1000,50,2,1,500,0,1,straight,0,-6609999989143.4375,6.0,7.610000000000875,0.7862847642960421
1941,False,1000,50,3,1,500,0,0.001,1.1,702,252.1387516601651,6.0,2.9212733106255144,2.0624197355167486
6998,False,1000,50,2,1,500,0,0.1,random,87,599.8567697329261,6.0,7.990253178930257,0.7567997340748441
2727,False,1000,50,3,1,500,0,0.001,straight,1088,-1106539999517.383,6.0,3.7106005317696056,1.6116440190084105
1030,False,1000,50,3,1,500,0,0.005,straight,573,-453719999451.1353,6.0,2.018333876025214,2.992303956615422
1091,False,1000,50,3,1,500,0,0.005,1.1,523,404.1354829112853,6.04,2.0746742280200747,2.9060612737498706
2092,False,1000,50,3,1,500,0,0.001,random,666,527.7370945213909,6.0,3.0789262931541783,1.952019373230291
611,False,1000,50,3,1,500,0,0.01,straight,505,-245879999413.18335,6.02,1.6000163232155105,3.774382180025994
3060,False,1000,50,3,1,500,0,0.001,2,864,363.9259089101961,6.06,3.8680231405403545,1.556218074751718
1004,False,1000,50,3,1,500,0,0.01,1.1,482,435.63300111730985,6.0,1.9873118251591222,3.0547397896049002
2059,False,1000,50,3,1,500,0,0.005,2,847,426.3775208275425,6.0,2.924668347486705,2.0612729029896646
20485,False,1000,50,1.1,1,500,0,1,random,0,600.0,6.0,21.478000000003266,0.2785621306806553
1068,False,1000,50,3,1,500,0,0.01,random,539,563.6240685391691,6.0,2.0563655754860006,2.957157314529151
1740,False,1000,50,3,1,500,0,0.01,2,399,445.0335588845981,6.0,2.6233618335891378,2.2976511159477693
9553,False,1000,50,2,1,500,0,1,3,0,580.1157101399208,6.0,8.214752696598456,0.7279310941751895
18687,False,1000,50,2,1,500,0,0.0001,random,2547,396.58628845204584,6.0,19.655571484510077,0.304385001820917
2717,False,1000,50,3,1,500,0,0.05,1.1,42,-53.934720723036186,6.0,3.696467782765913,1.6250685086549153
40670,False,1000,50,1.1,1,500,0,0.0001,random,7843,410.1799278280298,5.98,41.58719669018677,0.1433189020910074
4650,False,1000,50,3,1,500,0,0.005,3,485,497.25345822694396,6.02,4.653157531866145,1.2948702419432343
3117,False,1000,50,3,1,500,0,0.05,2,109,366.2088579012871,6.0,3.8676209106381827,1.5554602312088237
58284,False,1000,50,uniform,1,500,0,0.0001,random,9665,147.74742632289284,6.0,59.181994567648275,0.10104708236292445
6700,False,1000,50,3,1,500,0,0.001,3,1522,346.70961889858154,6.0,6.415434039684637,0.9350999204254704
4467,False,1000,50,3,1,500,0,0.05,straight,40,-4445399992745.759,6.0,5.459783239793752,1.0975676599858712
4608,False,1000,50,3,1,500,0,0.1,1.1,7,-473.276849088559,6.0,5.578244447782556,1.076387140582429
5633,False,1000,50,3,1,500,0,0.1,straight,4,-5623899987955.161,6.0,6.625966206801479,0.9053245049453493
4474,False,1000,50,3,1,500,0,0.1,2,15,322.94531069983293,6.0,5.1089426772831965,1.1768529615916747
5054,False,1000,50,3,1,500,0,1,straight,0,-5046999989968.438,6.0,6.047000000000354,0.9932838490439795
23487,False,1000,50,2,1,500,0,0.001,random,5008,409.59344163591044,6.0,24.43082831359982,0.24482468044254838
6873,False,1000,50,3,1,500,0,1,2,0,207.76729766120917,6.0,7.309687722571185,0.8209712946927777
8103,False,1000,50,3,1,500,0,1,1.1,0,-1346.1236260787439,6.0,9.058532877873427,0.661136475129899
61804,False,1000,50,uniform,1,500,0,0,random,9886,259.04044535893786,6.0,62.699147526128925,0.09537912038023062
12586,False,1000,50,3,1,500,0,0.01,3,635,419.35708044068787,6.0,10.756205680125035,0.5553456182494582
9778,False,1000,50,3,1,500,0,0.1,3,51,583.629469282785,6.0,8.380653160848837,0.713782216629374
47435,False,1000,50,1.1,1,500,0,0.001,random,7206,421.34318909997427,6.0,48.35795620523715,0.12366699140261873
14313,False,1000,50,3,1,500,0,0.05,3,226,572.3922954829675,6.0,11.81069076196765,0.5072527030277988
14367,False,1000,50,3,1,500,0,0.05,random,52,599.904338726851,6.0,15.35949830237072,0.3907288079760533
21601,False,1000,50,3,1,500,0,0,random,2172,489.01209345647965,6.0,22.572299450297848,0.2650645032003528
10679,False,1000,50,3,1,500,0,1,3,0,577.8737727705734,6.0,9.066690746865625,0.6605743533294286
58984,False,1000,50,1.1,1,500,0,0,random,7523,371.5371394794131,6.0,59.902126928082815,0.09983380040307824
15317,False,1000,50,3,1,500,0,1,random,0,600.0,6.0,16.30999999999695,0.3683551575867412
31352,False,1000,50,2,1,500,0,0.05,random,97,597.2384613447398,5.98,32.344269762229054,0.18442195864849587
33265,False,1000,50,2,1,500,0,1,random,0,600.0,6.0,34.25800000001086,0.17465150629855158
81100,False,1000,50,uniform,1,500,0,0.001,random,9845,286.89865764314726,6.0,81.99626161735173,0.07293150916956591
28578,False,1000,50,3,1,500,0,0.005,random,1065,464.4407899337725,6.0,29.56140689045209,0.20236539021515587
46520,False,1000,50,2,1,500,0,0,random,3977,429.5374514508249,6.0,47.474341798054375,0.12597609218324377
34455,False,1000,50,3,1,500,0,0.1,random,6,599.9114087681457,6.0,35.447953185745966,0.16894273274873775
57166,False,1000,50,3,1,500,0,0.0001,random,1175,430.5939607978336,5.98,58.147993568091024,0.10252220164904977
