2183,False,1000,10,3,1,500,0,0.0001,3,185,2938.2870597545034,30.1,2.708814645719823,11.431521256951509,2.945036680850584,2150.0,26.7,683.8,30.1
4679,False,1000,10,3,1,500,0,0.001,2,288,2568.3505017171756,30.0,5.35058117188234,5.631391011847267,1.9949398484373986,4645.0,47.5,517.4,30.0
4747,False,1000,10,3,1,500,0,0.001,1.1,254,1995.499301192553,30.0,5.687586340098738,5.277789675696274,1.5038411631766742,4715.7,55.5,65.8,30.0
5670,False,1000,10,3,1,500,0,0.0001,2,338,2525.491207337428,30.0,6.282705151341333,4.787836571985709,1.9928550737569115,5636.9,53.2,626.5,30.0
6063,False,1000,10,3,1,500,0,0.0001,1.1,295,1811.350499926632,30.0,6.995913462758205,4.284683309237222,1.4405738625071323,6031.1,49.6,77.1,30.0
12142,False,1000,10,3,1,500,0,0.01,2,243,2099.7335079350787,30.0,12.21560108361847,2.447805290382782,2.0042757197172505,12109.1,43.3,1562.0,30.0
19461,False,1000,10,3,1,500,0,0.01,1.1,92,-1392.5379211095672,30.0,20.33346673247637,1.4718619962768758,1.344162622513791,19429.9,15.4,203.9,30.0
32469,False,1000,10,3,1,500,0,1,1.1,0,-4674.365906823885,30.0,33.28226084067995,0.8986629032847894,1.3404499320291405,32438.0,0.0,319.6,30.0
30948,False,1000,10,3,1,500,0,1,2,0,1111.8643419274238,30.0,29.46279145238241,1.0157355702204043,2.010437333804755,30917.0,0.0,4267.2,30.0
32161,False,1000,10,3,1,500,0,0.001,3,583,2701.177283379943,30.0,25.647047460549874,1.1658381893059429,2.982932365358605,32123.9,80.1,11604.0,30.0
34926,False,1000,10,3,1,500,0,0.1,2,0,878.3139111899065,30.0,33.11381380082583,0.9036316020612611,2.01341563064761,34895.0,0.0,4823.0,30.0
47425,False,1000,10,3,1,500,0,0.1,1.1,3,-7763.6379831620725,30.0,48.16049371166486,0.6210239299529963,1.3392077153005053,47394.0,0.4,472.7,30.0
53177,False,1000,10,3,1,500,0,0.01,3,186,2760.8522057948417,30.0,41.40359035957653,0.7223871216708618,2.9910036018733877,53145.6,33.8,19793.7,30.0
69834,False,1000,10,3,1,500,0,1,3,0,2868.5450221909878,30.0,53.77842779533343,0.5559710394331674,3.0006086281921616,69803.0,0.0,26431.8,30.0
127386,False,1000,10,3,1,500,0,0.1,3,0,2754.2524906995263,30.0,97.22388710074407,0.30765007636213,3.000904235474505,127355.0,0.0,48282.8,30.0
