8494,False,10000,50,uniform,1,500,0,0.01,straight,10659,-3074619994157.0317,59.94,9.343642635618858,6.4128947019252935
9521,False,10000,50,uniform,1,500,0,0.01,1.1,11727,5171.167303084669,59.94,10.27886916480601,5.830582037867699
12740,False,10000,50,uniform,1,500,0,0.01,2,14930,5633.091122125401,59.98,12.748458012918956,4.705166368178305
4015,False,10000,50,uniform,1,500,0,0.05,straight,332,-3769859993790.024,60.0,4.95175343029848,12.113168826617049
16292,False,10000,50,uniform,1,500,0,0.005,straight,29862,-4951399994297.086,59.9,16.951195419371025,3.5329482072842704
4201,False,10000,50,uniform,1,500,0,0.05,1.1,395,5178.155758202749,60.0,5.08920455013156,11.787637426872488
18184,False,10000,50,uniform,1,500,0,0.005,1.1,30404,4644.239641612535,59.98,18.68031511855125,3.210047858247859
5937,False,10000,50,uniform,1,500,0,0.05,2,432,5831.281072092283,60.0,6.264826649905857,9.576743859275993
21265,False,10000,50,uniform,1,500,0,0.0001,straight,43714,-6102679994359.664,59.92,21.79102677337591,2.7490569343034745
4046,False,10000,50,uniform,1,500,0,0.1,straight,76,-3959019993747.5854,59.98,4.984403599382529,12.034056908156044
23426,False,10000,50,uniform,1,500,0,0.001,straight,49600,-7646639994286.831,59.96,23.890817895845476,2.5090846327656973
24676,False,10000,50,uniform,1,500,0,0,1.1,48201,4178.048468124783,59.98,24.946245088389514,2.403757143016694
4102,False,10000,50,uniform,1,500,0,0.1,1.1,87,5183.804508731412,60.0,4.991031227371174,12.024342718257207
25509,False,10000,50,uniform,1,500,0,0.001,1.1,50841,4332.904120872041,60.0,25.71847016758857,2.3323480660113782
25653,False,10000,50,uniform,1,500,0,0,straight,51381,-8558819994324.244,59.96,26.09938348109291,2.296751091818512
26815,False,10000,50,uniform,1,500,0,0.0001,1.1,57277,4330.1995769201385,60.0,26.93598386529668,2.226190239236228
5447,False,10000,50,uniform,1,500,0,0.1,2,91,5839.653836122206,59.96,5.813878915801198,10.313828339269751
27313,False,10000,50,uniform,1,500,0,0.005,2,47872,5480.6566769566225,60.0,26.2422116609148,2.285261932948071
27390,False,10000,50,uniform,1,500,0,0,2,54991,5421.281153077437,59.96,26.380236676203264,2.2736984434833976
11355,False,10000,50,uniform,1,500,0,0.05,3,544,5974.664420602544,59.98,9.566505115717995,6.271430527993275
3925,False,10000,50,uniform,1,500,0,1,straight,0,-3864019993759.1924,59.98,4.864019999999958,12.332386273380257
3951,False,10000,50,uniform,1,500,0,1,1.1,2,5205.676364037473,60.0,4.842455071950849,12.390914614152209
5538,False,10000,50,uniform,1,500,0,1,2,0,5819.270844761632,59.96,5.904994125950966,10.154735328441335
33034,False,10000,50,uniform,1,500,0,0.001,2,66719,5472.201170804728,59.98,31.34519590378634,1.9130244067779552
11172,False,10000,50,uniform,1,500,0,0.1,3,66,5978.497579428579,59.98,9.382116964996168,6.389476188853688
36063,False,10000,50,uniform,1,500,0,0.0001,2,68839,5369.938339856271,59.94,34.1444153501753,1.7550151246588461
38653,False,10000,50,uniform,1,500,0,0.01,3,52094,5672.270066197083,59.94,33.392779836266584,1.7948288950043514
12151,False,10000,50,uniform,1,500,0,1,3,1,5980.570969373608,59.98,10.098994704047058,5.937547842533575
23196,False,10000,50,uniform,1,500,0,0.05,random,880,5991.829373284364,60.0,24.127546201399188,2.4863983331243658
17939,False,10000,50,1.1,1,500,0,0,straight,44666,-5807859994288.071,60.0,18.457506191491284,3.25033031219555
21770,False,10000,50,uniform,1,500,0,0.1,random,93,5993.597661933989,59.94,22.708357064918623,2.639106047746503
19044,False,10000,50,1.1,1,500,0,0,1.1,48378,4768.678181785671,59.96,19.33922973582394,3.098792713649152
47469,False,10000,50,uniform,1,500,0,0.005,3,71349,5654.876038535771,59.98,40.677450709821784,1.4742266092437035
21108,False,10000,50,uniform,1,500,0,1,random,0,5994.0,59.94,22.047060000003963,2.718303156552734
17336,False,10000,50,1.1,1,500,0,0.0001,1.1,47266,4837.3596143450695,59.9,17.65836093483795,3.391849708093217
21808,False,10000,50,1.1,1,500,0,0.0001,straight,44374,-7376519994275.655,59.96,22.326066754374146,2.6850449643161265
24012,False,10000,50,1.1,1,500,0,0,2,60663,5585.371681396937,59.96,22.943327614816948,2.613020973157838
51888,False,10000,50,uniform,1,500,0,0,3,85299,5637.55234201776,60.0,44.10006167921965,1.360160085269301
55051,False,10000,50,uniform,1,500,0,0.001,3,84007,5621.004669584296,59.98,46.69612621985698,1.2841317745839647
15989,False,10000,50,1.1,1,500,0,0.001,straight,37250,-4487459994256.538,59.98,16.577876334914507,3.617485727831008
18603,False,10000,50,1.1,1,500,0,0.001,1.1,44008,4750.212844398009,59.98,18.94943222568842,3.165159116844018
6148,False,10000,50,1.1,1,500,0,0.01,straight,11443,-2176039994109.684,59.98,6.988724396354225,8.592634644406196
59323,False,10000,50,uniform,1,500,0,0.0001,3,87585,5625.14507254376,60.0,50.20305900209068,1.1947729289054565
8143,False,10000,50,1.1,1,500,0,0.01,1.1,13399,5337.621267479828,59.96,8.89433728427069,6.744271212232051
15596,False,10000,50,1.1,1,500,0,0.005,straight,34440,-4795379994234.676,60.0,16.210418705554897,3.700751779559433
4066,False,10000,50,1.1,1,500,0,0.05,straight,318,-3852619993676.8086,59.96,5.003018440691436,11.998210126754422
29434,False,10000,50,1.1,1,500,0,0.0001,2,57556,5467.487831927445,59.96,28.0796677552957,2.135038233567238
15070,False,10000,50,1.1,1,500,0,0.005,1.1,32572,4966.78808524768,59.98,15.56979710845302,3.8514665558195356
3882,False,10000,50,1.1,1,500,0,0.05,1.1,586,5255.35670870595,59.96,4.774476286300324,12.577130208776735
23706,False,10000,50,1.1,1,500,0,0.001,2,56470,5557.031893142176,59.96,22.759270905961195,2.633822674994229
5350,False,10000,50,1.1,1,500,0,0.05,2,504,5810.519442459166,59.96,5.767533987323269,10.429466313234455
3954,False,10000,50,1.1,1,500,0,0.1,straight,104,-3858359993663.6426,59.98,4.8923544081241594,12.271880280636786
12710,False,10000,50,1.1,1,500,0,0.01,2,21719,5728.339300340782,59.94,12.700623489091582,4.72078873308624
33438,False,10000,50,1.1,1,500,0,0.0001,3,70816,5732.848222992704,59.98,28.780333859689307,2.0836556341078842
4337,False,10000,50,1.1,1,500,0,0.1,1.1,85,5104.224751553886,59.98,5.2305584987842835,11.488663572239739
5477,False,10000,50,1.1,1,500,0,0.1,2,120,5830.714974038657,59.98,5.861972527108995,10.241118112339496
43507,False,10000,50,1.1,1,500,0,0,3,76924,5689.325309914604,59.98,37.01818655529935,1.6198865509505511
4135,False,10000,50,1.1,1,500,0,1,straight,0,-4074039993635.27,59.96,5.0740400000000285,11.82311021346063
4120,False,10000,50,1.1,1,500,0,1,1.1,0,5099.970237779821,59.98,5.017247790321125,11.980484504064774
26142,False,10000,50,1.1,1,500,0,0.001,3,52873,5561.061178237728,60.0,23.47313976460468,2.5570390918092234
23635,False,10000,50,1.1,1,500,0,0.005,2,49537,5542.2462029736025,59.98,22.75993172257719,2.634118635814722
5154,False,10000,50,1.1,1,500,0,1,2,1,5823.617949365938,59.98,5.576675596072763,10.790811361202488
1711,False,10000,50,2,1,500,0,0,straight,13977,-225519994128.3925,60.02,2.5064086351841373,24.31905425674126
11498,False,10000,50,1.1,1,500,0,0.05,3,734,5969.0997467605375,59.96,9.687068944565857,6.189887750524032
3228,False,10000,50,2,1,500,0,0,1.1,17556,5656.59580990639,60.0,3.9768793809827394,15.140082519703478
3584,False,10000,50,2,1,500,0,0,random,22018,5889.729244009737,60.0,4.306956637849769,13.974890322481547
11850,False,10000,50,1.1,1,500,0,0.1,3,71,5981.406497409389,60.0,9.896947705605166,6.063156472896546
2764,False,10000,50,2,1,500,0,0.0001,2,22990,5886.270801488877,59.98,3.3960877479008564,17.86819709934528
5631,False,10000,50,2,1,500,0,0,2,18396,5750.94436578784,60.0,6.14228144152537,9.799394237649647
10325,False,10000,50,1.1,1,500,0,1,3,0,5978.317625675463,59.94,8.738243204396824,6.868878882858002
4838,False,10000,50,2,1,500,0,0.0001,1.1,17571,5574.258815908487,59.98,5.57769686386151,10.792961087796414
6327,False,10000,50,2,1,500,0,0.0001,straight,23150,-1915719994195.278,59.98,7.038031837162,8.530907307903316
50874,False,10000,50,1.1,1,500,0,0,random,73248,5657.007072279068,59.94,51.098680642806094,1.1726942703720762
17204,False,10000,50,1.1,1,500,0,0.05,random,1603,5991.78675236948,60.0,18.129038179220174,3.3109747760727206
2902,False,10000,50,2,1,500,0,0.001,2,25279,5891.843178302774,60.04,3.512389483352444,17.14276659238821
4774,False,10000,50,2,1,500,0,0.001,1.1,22218,5644.512415375935,60.0,5.465993925425704,11.006567627976098
5436,False,10000,50,2,1,500,0,0.001,straight,25568,-1503079994156.4656,60.0,6.117423162240865,9.816202566006917
962,False,10000,50,2,1,500,0,0.005,random,7693,5931.236666825083,59.98,1.8235561394682263,33.67842826485818
3823,False,10000,50,2,1,500,0,0.005,2,13742,5795.4839802371625,60.0,4.479567887270798,13.459170751218458
4501,False,10000,50,2,1,500,0,0.005,straight,15232,-1270499994121.6902,60.0,5.29718095861779,11.371202599263345
1459,False,10000,50,2,1,500,0,0.01,straight,6979,-435639994050.38446,60.0,2.3296267183176966,25.991954498037334
35255,False,10000,50,1.1,1,500,0,0.005,3,63874,5701.375685786892,59.98,30.37503913014517,1.973573339461527
19346,False,10000,50,1.1,1,500,0,0.1,random,96,5995.691151412727,59.96,20.284217899773168,2.958477356304128
10360,False,10000,50,2,1,500,0,0.0001,3,29986,5834.472399720722,60.0,9.365613244023177,6.4151053729333185
5774,False,10000,50,2,1,500,0,0.005,1.1,16213,5441.999826505854,60.04,6.521016303894364,9.232562617307098
1593,False,10000,50,2,1,500,0,0.01,2,8511,5926.310632161697,60.02,2.3863673201743723,25.327504119563915
7478,False,10000,50,2,1,500,0,0.001,random,31779,5882.440750500644,60.04,8.101433500962093,7.427976528010266
2893,False,10000,50,2,1,500,0,0.01,1.1,7885,5715.705690458031,60.12,3.7411831058881466,16.097204283025874
8121,False,10000,50,2,1,500,0,0.001,3,19145,5817.360846845529,60.34,7.696989235607324,7.798045769924115
2122,False,10000,50,2,1,500,0,0.01,3,9437,5915.519817783559,60.02,2.785413098390444,21.841299863491077
32399,False,10000,50,1.1,1,500,0,0.01,3,41190,5708.00703620131,60.0,27.86698923580124,2.152796126840522
6577,False,10000,50,2,1,500,0,0.005,3,21946,5863.75853025769,60.16,6.4404978407499485,9.306341445257623
88986,False,10000,50,uniform,1,500,0,0.005,random,92381,5740.665483070803,59.98,89.00965078955441,0.6736495148141733
2047,False,10000,50,2,1,500,0,0.05,1.1,1754,5611.392310603016,60.04,2.956917378113565,20.654366479800004
1972,False,10000,50,2,1,500,0,0.05,2,1709,5915.882880647042,59.98,2.7317235719118065,22.65704032826714
90100,False,10000,50,uniform,1,500,0,0,random,103445,5684.8929740391995,59.94,90.01620960992287,0.6656730375891858
13865,False,10000,50,2,1,500,0,0.0001,random,23978,5867.602268082735,60.1,14.562650715687166,4.108923603036711
20968,False,10000,50,1.1,1,500,0,1,random,0,5998.0,59.98,21.90702000000379,2.739290608743228
1361,False,10000,50,3,1,500,0,0,1.1,4601,5818.225085356256,60.06,2.2479232667479145,27.077170473087744
7592,False,10000,50,2,1,500,0,0.05,straight,1318,-7314099990328.24,60.0,8.520405889487128,7.072635322187538
6646,False,10000,50,2,1,500,0,0.1,2,319,5608.676938600999,59.98,7.023268582996783,8.59707066772347
87123,False,10000,50,uniform,1,500,0,0.01,random,76666,5730.310897232882,59.96,87.30636248884359,0.6865612379582785
3751,False,10000,50,3,1,500,0,0,straight,7281,-1204679994205.3071,60.0,4.618550765549111,13.146753245538669
7283,False,10000,50,2,1,500,0,0.1,1.1,150,4339.642641432709,60.0,8.175621831605575,7.372149747307435
8284,False,10000,50,2,1,500,0,0.05,3,1664,5977.2730967208345,60.0,7.253645020955118,8.308165452731043
6723,False,10000,50,2,1,500,0,1,2,0,5613.118269394656,60.0,7.095000373237265,8.644747822089048
1018,False,10000,50,3,1,500,0,0.0001,1.1,5557,5874.304658040516,60.08,1.8941615391864517,33.07600118774249
7498,False,10000,50,2,1,500,0,1,1.1,2,4205.233405086169,59.98,8.390824206672363,7.176290113557924
680,False,10000,50,3,1,500,0,0.001,straight,4730,-66679994050.00067,60.24,1.5674979715083324,39.47500445053376
4532,False,10000,50,3,1,500,0,0,2,11228,5683.959573367493,60.04,5.128424569305361,11.742157375482742
2291,False,10000,50,3,1,500,0,0.0001,straight,5653,-628179994142.8883,60.1,3.168718646081601,19.114376771162174
2382,False,10000,50,3,1,500,0,0.0001,2,5256,5806.745266580153,60.04,3.1773670349830807,19.158025244066938
885,False,10000,50,3,1,500,0,0.001,1.1,4180,5890.564944560619,60.06,1.7818576149835255,35.60619509580035
10915,False,10000,50,2,1,500,0,0.05,random,3055,5996.237708601873,60.0,11.82415747894563,5.1682975712693375
10828,False,10000,50,2,1,500,0,0.1,straight,119,-10745919986147.824,59.98,11.7663260097202,5.105013715017301
980,False,10000,50,3,1,500,0,0.005,straight,6112,-108839994089.95515,60.0,1.8541721170273329,33.36266040805345
784,False,10000,50,3,1,500,0,0.005,2,3893,5932.142923480158,60.04,1.6711952877224503,38.133724127110774
99505,False,10000,50,uniform,1,500,0,0.001,random,102117,5684.37220992834,59.96,99.427875945489,0.6028613426321923
3575,False,10000,50,3,1,500,0,0.0001,random,9443,5833.067561935313,60.0,4.409219448548487,13.650172682662491
614,False,10000,50,3,1,500,0,0.01,straight,2485,-218159994015.07144,60.0,1.5280054471869,40.5852730062182
2528,False,10000,50,3,1,500,0,0.001,2,8551,5862.787086543262,60.06,3.2911160439784095,18.567612168473865
9753,False,10000,50,2,1,500,0,1,random,0,6000.0,60.0,10.691999999999517,5.771282475627527
749,False,10000,50,3,1,500,0,0.01,1.1,2096,5920.18259637782,60.1,1.6648583682212597,37.96477165254002
11173,False,10000,50,2,1,500,0,1,straight,3,-11111919984787.824,60.0,12.111971137838658,4.96375251448874
1815,False,10000,50,3,1,500,0,0.005,3,6968,5826.161740958538,60.04,2.559410262379704,24.47452841108808
2582,False,10000,50,3,1,500,0,0.005,1.1,3915,5612.385739812215,60.4,3.4754233007743043,17.69351534731468
12569,False,10000,50,2,1,500,0,0.1,3,254,5977.328802955208,60.04,10.459619860100181,5.829520227896725
1211,False,10000,50,3,1,500,0,0.05,1.1,1863,5738.564089140619,60.0,2.125279250416643,29.99026835607874
1894,False,10000,50,3,1,500,0,0.01,3,5982,5914.086256763752,60.1,2.5428513215438753,23.97769124447697
2228,False,10000,50,3,1,500,0,0.01,2,5417,5864.794421690106,60.1,3.0075103494631463,20.358309326477883
2749,False,10000,50,3,1,500,0,0.05,2,877,5807.361484924393,59.98,3.4712515570334648,17.790248315427355
14229,False,10000,50,2,1,500,0,1,3,2,5973.1100297011735,60.0,11.709447254567587,5.163396590054462
67435,False,10000,50,1.1,1,500,0,0.0001,random,80906,5687.9544915469705,59.96,67.58094953503064,0.88696410392977
5016,False,10000,50,3,1,500,0,0.05,straight,1095,-4851599989263.691,59.98,5.944859978634697,10.271626373191646
9812,False,10000,50,3,1,500,0,0.0001,3,8714,5736.12580818851,60.14,8.749349407426417,6.848814353910584
106730,False,10000,50,uniform,1,500,0,0.0001,random,103050,5631.261767702658,59.98,106.64729322417034,0.5622363293641464
53809,False,10000,50,1.1,1,500,0,0.005,random,76938,5808.370302029325,59.96,53.997727224958034,1.110119732424629
4363,False,10000,50,3,1,500,0,0.1,2,463,5743.819680093085,60.04,4.950311497368881,12.598633058994379
6459,False,10000,50,3,1,500,0,0.05,3,1060,5986.799284412322,60.02,5.8544641828951045,10.429842215726245
8036,False,10000,50,3,1,500,0,0.1,1.1,405,4047.2316916624527,59.98,8.93147991688278,6.787792103802857
17568,False,10000,50,3,1,500,0,0,3,15166,5787.472021908933,60.0,14.707256633854547,4.0853113738014795
13929,False,10000,50,3,1,500,0,0.001,random,9105,5924.693807181802,60.22,14.773347675378494,4.067260156366423
10542,False,10000,50,3,1,500,0,0.1,straight,176,-10463019978438.414,60.0,11.479837109055765,5.269066640088413
23914,False,10000,50,2,1,500,0,0.1,random,216,6001.927273007732,60.02,24.85076121357798,2.4414467976291663
15571,False,10000,50,3,1,500,0,0.001,3,10724,5749.417418091242,60.0,13.082133351242428,4.5988162479943435
12970,False,10000,50,3,1,500,0,0.05,random,1044,5998.1551996841645,60.0,13.898727172431238,4.42601885017122
9237,False,10000,50,3,1,500,0,1,1.1,0,3800.6446472766415,60.0,10.12890767112491,5.964389866658462
8387,False,10000,50,3,1,500,0,1,2,0,5479.801876952869,60.0,8.658115069222811,7.029348107664317
29191,False,10000,50,2,1,500,0,0.01,random,14158,5864.157772846095,60.18,29.988490825069416,1.997439603011624
13382,False,10000,50,3,1,500,0,0.1,3,368,5967.782409941707,59.98,11.072562605039684,5.500806194151791
15841,False,10000,50,3,1,500,0,0.01,random,5909,5743.936582179307,60.0,16.717963147051353,3.603956919580492
44114,False,10000,50,2,1,500,0,0,3,37858,5428.84804630463,60.0,36.09009938458439,1.6617017298459016
59179,False,10000,50,1.1,1,500,0,0.01,random,61174,5769.616205732001,59.98,59.51775359562225,1.0071363450926425
15314,False,10000,50,3,1,500,0,0.1,random,311,5999.870956465411,60.0,16.249959283948876,3.8737614529550064
15556,False,10000,50,3,1,500,0,1,straight,0,-15495019965967.412,59.98,16.495019999997176,3.656745077217865
76652,False,10000,50,1.1,1,500,0,0.001,random,82208,5682.037051399442,60.0,76.7899811961555,0.7811195712331088
21392,False,10000,50,3,1,500,0,1,random,0,5998.0,59.98,22.331020000004305,2.7378234509072605
31319,False,10000,50,3,1,500,0,0.005,random,9100,5868.317252634779,60.02,32.16159210659168,1.8664133704802115
25691,False,10000,50,3,1,500,0,1,3,0,5946.234495187207,60.0,20.379158282176054,2.997056590359091
59490,False,10000,50,3,1,500,0,0,random,13948,5705.085157307986,60.0,60.28146158187976,0.9946355901040284
