11005,False,10000,50,uniform,1,500,0,0.01,straight,15458,-3799899994186.6406,59.96,11.806704739768165,5.0773047634518935
12095,False,10000,50,uniform,1,500,0,0.01,1.1,17283,5083.086320701692,60.0,12.775818077286146,4.695825899948443
15109,False,10000,50,uniform,1,500,0,0.005,straight,27041,-4251299994323.793,60.0,15.799365025840059,3.7969132969381163
3916,False,10000,50,uniform,1,500,0,0.05,straight,347,-3666859993799.621,59.98,4.8529335617198734,12.359330184610412
17774,False,10000,50,uniform,1,500,0,0.01,2,24244,5590.496064295482,59.98,17.43531891132519,3.442061930783168
19647,False,10000,50,uniform,1,500,0,0.005,1.1,35316,4709.003180853575,60.0,20.08163449029683,2.9871903794116945
4145,False,10000,50,uniform,1,500,0,0.05,1.1,384,5191.871643579283,60.0,5.032306771956866,11.920344682962567
5575,False,10000,50,uniform,1,500,0,0.05,2,474,5828.720127103377,60.0,5.951505181363949,10.084600775357211
22891,False,10000,50,uniform,1,500,0,0.001,straight,46662,-7247099994352.53,59.96,23.38682404510759,2.5631566614913823
3910,False,10000,50,uniform,1,500,0,0.1,straight,91,-3816079993756.8965,60.02,4.848142828905282,12.372427426385709
25036,False,10000,50,uniform,1,500,0,0.0001,straight,53903,-8411979994232.345,59.98,25.458096612745248,2.355381695681271
25131,False,10000,50,uniform,1,500,0,0,straight,53862,-8350139994243.195,59.92,25.55694061099633,2.343949412560681
25625,False,10000,50,uniform,1,500,0,0.001,1.1,51305,4327.154380418581,59.98,25.832208116932442,2.3213932596983935
26740,False,10000,50,uniform,1,500,0,0.005,2,50288,5530.563081709114,59.98,25.65990495595364,2.337151801856473
27092,False,10000,50,uniform,1,500,0,0.0001,1.1,54789,4242.338953350788,59.94,27.243500530600212,2.1996512165783573
27343,False,10000,50,uniform,1,500,0,0,1.1,56645,4223.482550380325,60.0,27.464724751524788,2.184008448375944
4326,False,10000,50,uniform,1,500,0,0.1,1.1,93,5071.800384142897,60.0,5.2143031069070185,11.509311050715853
27704,False,10000,50,uniform,1,500,0,0.0001,2,56036,5431.520849777709,59.94,26.63630919749612,2.250133595558549
5786,False,10000,50,uniform,1,500,0,0.1,2,110,5805.816849109833,59.96,6.128429545200552,9.78564469230226
3960,False,10000,50,uniform,1,500,0,1,straight,0,-3899039993749.94,59.96,4.89903999999997,12.236161035050396
4019,False,10000,50,uniform,1,500,0,1,1.1,1,5205.779201978507,59.98,4.909160739271062,12.215271853842758
12410,False,10000,50,uniform,1,500,0,0.05,3,691,5974.764516096658,60.0,10.383149697190104,5.780782962176895
31389,False,10000,50,uniform,1,500,0,0.01,3,40927,5694.4319707855375,60.0,27.291395735686375,2.1983711907255126
5469,False,10000,50,uniform,1,500,0,1,2,1,5843.97449738544,59.98,5.833808186301825,10.276612811411887
34907,False,10000,50,uniform,1,500,0,0.001,2,65517,5430.901861920222,59.96,33.1126925117245,1.8104574231705408
35352,False,10000,50,uniform,1,500,0,0,2,68391,5417.6535140560545,59.98,33.46284662813434,1.791903753932737
12094,False,10000,50,uniform,1,500,0,0.1,3,88,5976.030677253359,59.96,10.078713309082403,5.948777252978507
11686,False,10000,50,uniform,1,500,0,1,3,0,5974.863245429946,59.94,9.762648691762237,6.139130895351267
21326,False,10000,50,uniform,1,500,0,0.05,random,870,5990.888455762401,59.98,22.2573722266638,2.6943713394276814
18300,False,10000,50,1.1,1,500,0,0,straight,43500,-5599479994309.902,60.0,18.82721673604755,3.186329098796561
15410,False,10000,50,1.1,1,500,0,0.0001,straight,45762,-4826359994233.814,59.9,15.915165161151194,3.763172318643376
21461,False,10000,50,uniform,1,500,0,0.1,random,108,5993.385485381425,59.94,22.399123535974862,2.6757953932306204
19168,False,10000,50,1.1,1,500,0,0,1.1,51503,4780.9346800586745,59.98,19.422114381001908,3.0875701903335706
48225,False,10000,50,uniform,1,500,0,0.005,3,73228,5654.26559116503,59.96,41.30689754185428,1.45116925672705
17236,False,10000,50,1.1,1,500,0,0.0001,1.1,38317,4852.4386146767765,60.0,17.675028080937164,3.3941382436400613
21808,False,10000,50,uniform,1,500,0,1,random,0,5994.0,59.94,22.74706000000482,2.6345975728984636
21059,False,10000,50,1.1,1,500,0,0,2,57546,5665.569658734249,59.98,20.202286117013244,2.9683447395945235
52626,False,10000,50,uniform,1,500,0,0.0001,3,88283,5673.703461664769,59.96,44.81072359330859,1.3376278474508752
53594,False,10000,50,uniform,1,500,0,0.001,3,82659,5624.967725314983,60.0,45.59734833799059,1.3155962266809689
53818,False,10000,50,uniform,1,500,0,0,3,86802,5582.992799730053,59.98,45.784433085869516,1.3097614987845898
17962,False,10000,50,1.1,1,500,0,0.001,straight,43678,-5705539994270.036,59.98,18.486297714502715,3.243837220288447
16593,False,10000,50,1.1,1,500,0,0.001,1.1,38019,4892.931716488464,59.98,17.035919373125406,3.5204234291840906
24705,False,10000,50,1.1,1,500,0,0.0001,2,51804,5439.980016213226,59.98,23.78915072237221,2.5206701831961706
7769,False,10000,50,1.1,1,500,0,0.01,straight,12379,-2742639994138.284,59.98,8.599392762223939,6.974232650254023
11896,False,10000,50,1.1,1,500,0,0.005,straight,27409,-3614839994204.412,59.98,12.58112596925556,4.7667124339721525
6316,False,10000,50,1.1,1,500,0,0.01,1.1,10845,5452.8754250926395,59.96,7.104384384852356,8.449933865752888
4058,False,10000,50,1.1,1,500,0,0.05,straight,401,-3812739993687.3774,60.0,4.994614564265838,12.021309805517909
13268,False,10000,50,1.1,1,500,0,0.005,1.1,31646,5090.263195162304,60.0,13.788438946518232,4.350585849388782
4139,False,10000,50,1.1,1,500,0,0.05,1.1,387,5150.9281272640255,60.0,5.032135547488449,11.93458420240999
21427,False,10000,50,1.1,1,500,0,0.001,2,54570,5557.478177977804,59.96,20.619544396332618,2.9077026993411836
4841,False,10000,50,1.1,1,500,0,0.05,2,762,5858.775129220965,60.0,5.3053469138437155,11.332805152743811
4268,False,10000,50,1.1,1,500,0,0.1,straight,98,-4169119993639.5674,59.98,5.206320079052379,11.521621138518976
4450,False,10000,50,1.1,1,500,0,0.1,1.1,98,5097.044877556234,59.96,5.3420161046482075,11.229372185031513
5284,False,10000,50,1.1,1,500,0,0.1,2,147,5811.9938468323835,59.96,5.697667391180793,10.60128500478729
14461,False,10000,50,1.1,1,500,0,0.01,2,28992,5695.469741604392,59.94,14.313281001707624,4.194113408421021
4157,False,10000,50,1.1,1,500,0,1,straight,0,-4095979993635.5493,60.02,5.0959800000000355,11.779371020038761
3842,False,10000,50,1.1,1,500,0,1,1.1,2,5181.583738191418,59.92,4.738073213591985,12.66376553034278
23118,False,10000,50,1.1,1,500,0,0.005,2,44925,5548.586406870787,59.96,22.29410849108216,2.6891888760523837
12011,False,10000,50,1.1,1,500,0,0.05,3,798,5972.38772702175,59.98,10.069170965822966,5.959007370497416
4953,False,10000,50,1.1,1,500,0,1,2,0,5815.756550831549,59.92,5.3940188107426055,11.146273430770245
23869,False,10000,50,1.1,1,500,0,0.005,3,57136,5742.03518484234,59.98,20.985544215156988,2.8579673170244155
10355,False,10000,50,1.1,1,500,0,0.1,3,117,5981.664812671274,60.0,8.774724277637649,6.848799844148291
2223,False,10000,50,2,1,500,0,0,1.1,15994,5839.942111747264,59.96,2.989729901661775,20.21421866738389
45185,False,10000,50,1.1,1,500,0,0,3,73983,5586.219375909775,59.98,38.37547047268979,1.5625935728998805
4242,False,10000,50,2,1,500,0,0,2,17102,5703.640968270422,60.0,4.85715697737686,12.503967092609498
6760,False,10000,50,2,1,500,0,0,straight,20900,-2141919994215.3552,60.06,7.493500457078584,8.022846369221682
42213,False,10000,50,1.1,1,500,0,0.0001,3,75232,5689.36569668829,59.94,35.896053825319385,1.6694584563571093
3698,False,10000,50,2,1,500,0,0.0001,1.1,20738,5686.986235510234,60.04,4.408708385666371,13.614301772652848
19043,False,10000,50,1.1,1,500,0,0.05,random,1317,5989.894923184995,59.96,19.97017688840161,3.0040955807389724
24648,False,10000,50,1.1,1,500,0,0.01,3,40999,5776.613574902469,59.94,21.572875173367237,2.7796979325598654
3989,False,10000,50,2,1,500,0,0.0001,2,18052,5835.30551290048,59.98,4.587855796703621,13.176367432601303
11356,False,10000,50,1.1,1,500,0,1,3,0,5968.889429417509,59.94,9.52966203471298,6.305841891273666
33677,False,10000,50,1.1,1,500,0,0.001,3,73199,5739.462954970334,60.0,29.07237125139443,2.0633339276467693
6744,False,10000,50,2,1,500,0,0.0001,straight,23234,-2061319994235.7039,60.0,7.456311576451433,8.065256788468544
1366,False,10000,50,2,1,500,0,0.005,straight,7892,-250059994086.91415,60.12,2.2267130353293023,27.47277499466857
4174,False,10000,50,2,1,500,0,0.0001,random,22257,5881.784866478689,60.1,4.885848207428275,12.34394135101363
3857,False,10000,50,2,1,500,0,0.001,1.1,13221,5575.634342959237,59.96,4.6448393651849305,13.048189031525835
5740,False,10000,50,2,1,500,0,0.0001,3,26411,5854.477608439133,59.98,5.758424620728183,10.40176120242979
4770,False,10000,50,2,1,500,0,0.001,straight,18323,-1212199994178.1572,60.02,5.5261130686722115,10.884819233596462
2539,False,10000,50,2,1,500,0,0.005,1.1,15299,5842.243731604117,60.14,3.3137099423056187,18.197886122999186
19856,False,10000,50,1.1,1,500,0,0.1,random,147,5991.374485606718,59.92,20.793759710768004,2.882820894254523
1694,False,10000,50,2,1,500,0,0.01,straight,7090,-472739994073.1604,59.98,2.5628184816277453,23.879982736393764
2145,False,10000,50,2,1,500,0,0.01,1.1,9262,5822.298437329247,60.0,2.978182839891592,20.322097919473187
2682,False,10000,50,2,1,500,0,0.005,random,17668,5902.902154426128,60.0,3.4382828883884287,17.579392082026292
2091,False,10000,50,2,1,500,0,0.01,3,10536,5942.537150615356,59.98,2.7252300553578284,22.419093746849963
2275,False,10000,50,2,1,500,0,0.01,2,10055,5874.695645595576,59.98,3.027237411654812,20.017091400717018
1496,False,10000,50,2,1,500,0,0.01,random,11104,5938.216817387549,60.0,2.3211412610016935,26.22837265987266
1252,False,10000,50,2,1,500,0,0.05,2,2050,5956.564850604394,60.06,2.075902505073293,30.42663209791018
7185,False,10000,50,2,1,500,0,0.001,random,22793,5878.935232066324,59.98,7.897331619960017,7.622190519106834
1803,False,10000,50,2,1,500,0,0.05,1.1,2037,5638.949733449667,60.02,2.7117249125926377,23.225631196049903
2638,False,10000,50,2,1,500,0,0.05,straight,1873,-2404999992870.443,60.02,3.5608042359808856,17.441109568585667
6367,False,10000,50,2,1,500,0,0.005,3,22942,5810.473774576373,59.98,6.322072677591924,9.533732127936123
2813,False,10000,50,2,1,500,0,0.05,3,2359,5986.340385635925,59.94,3.098776034279277,19.697569150233956
7536,False,10000,50,2,1,500,0,0.005,2,16737,5601.232935333817,60.0,7.971383130492556,7.556029339394618
4033,False,10000,50,2,1,500,0,0.05,random,1924,5996.297510817053,59.98,4.953234706410444,12.691608034503824
78293,False,10000,50,uniform,1,500,0,0.01,random,79113,5764.004008843542,59.98,78.44943790288703,0.7643292448977003
3081,False,10000,50,2,1,500,0,0.1,2,697,5860.1416714070165,60.0,3.753273377120323,16.736468066820905
21340,False,10000,50,1.1,1,500,0,1,random,0,5994.0,59.94,22.279060000004247,2.6929988485311247
13121,False,10000,50,2,1,500,0,0.001,2,27648,5365.5897277639315,60.0,13.088953674502507,4.584247843892487
1878,False,10000,50,3,1,500,0,0,straight,8926,-417719994093.9236,60.06,2.7252286422868486,22.244836744334798
5944,False,10000,50,2,1,500,0,0.1,1.1,314,4607.731604322979,60.0,6.84506365716026,8.824384863530705
19783,False,10000,50,2,1,500,0,0,3,30816,5707.426464540407,59.98,16.932112138658077,3.543017138857993
1169,False,10000,50,3,1,500,0,0,2,4300,5815.6504079094275,60.0,2.058129491104293,30.028232486646974
94030,False,10000,50,uniform,1,500,0,0.0001,random,103847,5701.960531635946,59.9,93.94627641075063,0.637393431105478
851,False,10000,50,3,1,500,0,0.0001,straight,3113,-18539994125.8175,60.0,1.7596113085606602,35.43701279130573
2640,False,10000,50,3,1,500,0,0,1.1,6034,5592.999954714427,60.04,3.512275770090356,17.30433548767433
5809,False,10000,50,2,1,500,0,1,1.1,0,4616.367555473441,59.98,6.710966542716206,9.027858973038738
8718,False,10000,50,2,1,500,0,0.1,straight,79,-8639959988386.845,60.0,9.656692264484509,6.2358894286846525
1535,False,10000,50,3,1,500,0,0.0001,1.1,7277,5825.642349127243,60.04,2.3919620490729843,25.39302411871621
8040,False,10000,50,2,1,500,0,0.1,3,964,5982.959448268862,60.0,7.03526617219943,8.723478891744895
722,False,10000,50,3,1,500,0,0.001,1.1,3570,5901.727761720503,60.06,1.6229061847815944,38.093389024412595
6797,False,10000,50,2,1,500,0,1,2,0,5602.637477602151,59.96,7.164026589643453,8.424469120304815
501,False,10000,50,3,1,500,0,0.001,3,1824,5951.58375735207,60.18,1.4152184548676132,45.27313517120528
96620,False,10000,50,uniform,1,500,0,0.005,random,95571,5744.3657809750175,59.98,96.6106975642287,0.6206442087397672
2085,False,10000,50,3,1,500,0,0.0001,3,6093,5760.828176546853,60.0,2.7613300859173266,22.043510575873743
1591,False,10000,50,3,1,500,0,0.001,straight,6743,-230359994184.53253,60.02,2.4610849202210887,24.550711356776013
861,False,10000,50,3,1,500,0,0.005,1.1,4220,5895.309939572087,60.04,1.7539884632979386,35.58897875662416
2993,False,10000,50,3,1,500,0,0.0001,2,5781,5676.562283758062,60.04,3.7666193793896845,16.044528740413963
8960,False,10000,50,2,1,500,0,1,straight,0,-8898999988310.375,60.0,9.898999999999955,6.076046906659545
704,False,10000,50,3,1,500,0,0.01,1.1,3328,5928.2293158539605,59.98,1.6077713823946929,38.06687121981915
97713,False,10000,50,uniform,1,500,0,0.001,random,104384,5704.577998443541,59.96,97.61983479608857,0.614028298178393
1863,False,10000,50,3,1,500,0,0.005,straight,7987,-399839994079.883,60.3,2.718861973819031,22.362617281822605
568,False,10000,50,3,1,500,0,0.01,2,2128,5962.625106839695,60.04,1.4713099002199226,43.13006785330113
1443,False,10000,50,3,1,500,0,0.01,straight,5870,-559079994003.4086,60.1,2.3185952255313986,25.973404478000838
2267,False,10000,50,3,1,500,0,0.005,2,6535,5798.955482683155,60.08,3.054408175994492,20.022754278007504
1218,False,10000,50,3,1,500,0,0.01,3,4765,5942.958161852007,60.04,1.9800753408796172,31.110569254560463
1715,False,10000,50,3,1,500,0,0.01,random,4471,5950.577290967328,60.0,2.607809743734859,23.53923941118793
955,False,10000,50,3,1,500,0,0.05,2,1122,5958.8791391067125,60.0,1.8129838073094746,36.782731740144726
9769,False,10000,50,2,1,500,0,1,3,1,5977.018011599183,59.98,8.334668811564857,7.488114086326593
44581,False,10000,50,1.1,1,500,0,0.01,random,59183,5820.8437549133805,59.96,44.94342703672302,1.3338106119633901
1868,False,10000,50,3,1,500,0,0.05,3,1295,5993.92036440572,59.98,2.3728863980442476,27.81432484039267
5725,False,10000,50,3,1,500,0,0.001,2,11830,5554.727903797411,60.02,6.2949303512421375,9.55433360542748
3854,False,10000,50,3,1,500,0,0.05,1.1,869,5145.1489313603815,60.1,4.76554177700659,12.871537390447326
4316,False,10000,50,3,1,500,0,0.05,straight,809,-4132939990231.8096,60.0,5.24820972763372,11.68731859004519
26795,False,10000,50,2,1,500,0,0.001,3,25986,5677.339713144076,59.98,22.364033519843264,2.6876229096403517
6728,False,10000,50,3,1,500,0,0.1,1.1,191,4467.49112570222,60.0,7.630481001939177,8.048058443307186
17307,False,10000,50,2,1,500,0,1,random,0,6000.0,60.0,18.245999999999317,3.3842669784664223
19452,False,10000,50,2,1,500,0,0.1,random,447,5999.810306953001,60.0,20.386839088250426,3.0048516221416532
7855,False,10000,50,3,1,500,0,0.1,2,223,5488.7554645825185,60.04,8.175007839556029,7.556533805125818
7863,False,10000,50,3,1,500,0,0.1,3,452,5985.165134556,60.02,6.900542834308282,8.967614224749987
7648,False,10000,50,3,1,500,0,0.1,random,228,5999.870638694294,60.0,8.584908472103104,7.34575916681637
12462,False,10000,50,3,1,500,0,0.005,3,5718,5835.403489344632,60.0,10.635590658539666,5.699538302748506
12395,False,10000,50,3,1,500,0,0.005,random,8638,5858.983915651372,60.04,13.243675545730135,4.537057759001642
77453,False,10000,50,1.1,1,500,0,0,random,85137,5756.036672535988,59.98,77.56078636845295,0.7731081522848892
111083,False,10000,50,uniform,1,500,0,0,random,104708,5697.59948215639,60.0,110.98677953502056,0.5404340533931916
8145,False,10000,50,3,1,500,0,1,1.1,0,4082.6486860928567,60.0,9.043609425964373,6.886949808164644
8269,False,10000,50,3,1,500,0,1,2,1,5426.063688832173,60.02,8.556100162000707,7.228514274141325
11928,False,10000,50,3,1,500,0,0.1,straight,99,-11854219973757.45,60.0,12.866259474433036,4.712048207498192
19722,False,10000,50,3,1,500,0,0,3,12352,5638.275856993419,59.98,16.503213390280287,3.641571471941324
77323,False,10000,50,1.1,1,500,0,0.0001,random,88453,5737.059747118997,60.0,77.39310028288679,0.7750289233362454
41125,False,10000,50,2,1,500,0,0,random,30308,5732.46867473194,59.96,41.761773383947094,1.4347328708162024
13646,False,10000,50,3,1,500,0,1,straight,0,-13584999971693.553,60.0,14.584999999997356,4.132707602835409
73886,False,10000,50,1.1,1,500,0,0.001,random,83905,5713.92327950796,59.94,74.00178838273078,0.8097446161076343
26209,False,10000,50,3,1,500,0,0.001,random,13647,5797.853410318357,60.26,27.004761956170324,2.223777600816434
27801,False,10000,50,3,1,500,0,0.0001,random,13090,5763.858655547381,60.0,28.602462054956614,2.0969977150999473
27103,False,10000,50,3,1,500,0,0.05,random,1238,5998.854780421242,60.0,28.02927903572735,2.1606553368432095
21161,False,10000,50,3,1,500,0,1,random,0,6000.0,60.0,22.10000000000403,2.7856098620828034
23705,False,10000,50,3,1,500,0,1,3,0,5947.284942747289,60.0,18.900822840353477,3.203995531945068
106186,False,10000,50,1.1,1,500,0,0.005,random,78683,5671.54961338829,59.94,106.35049456241565,0.5634324680355837
125426,False,10000,50,3,1,500,0,0,random,14392,5674.8412452107805,59.98,126.21346106992767,0.4750078253742568
