8526,False,10000,50,uniform,1,500,0,0.01,straight,10664,-3229959994156.212,60.0,9.37464797195838,6.397862536076214
9652,False,10000,50,uniform,1,500,0,0.01,1.1,12063,5155.483216418466,59.98,10.403396678143688,5.762299387964536
3889,False,10000,50,uniform,1,500,0,0.05,straight,365,-3629299993796.9785,59.98,4.825814401571545,12.425685015697013
16713,False,10000,50,uniform,1,500,0,0.005,1.1,30840,4910.12096666708,59.96,17.221203105297903,3.4811999028112086
17158,False,10000,50,uniform,1,500,0,0.005,straight,32265,-5380299994279.602,59.98,17.792558065250613,3.3704011484600995
4143,False,10000,50,uniform,1,500,0,0.05,1.1,422,5222.501581918926,60.0,5.029859650248299,11.92999267107478
19434,False,10000,50,uniform,1,500,0,0,straight,43553,-5511339994309.919,59.96,19.961002240236468,3.003409392456807
20553,False,10000,50,uniform,1,500,0,0.01,2,32322,5609.102003709379,60.0,19.979442066125962,3.002531496550247
5742,False,10000,50,uniform,1,500,0,0.05,2,373,5833.591795361737,60.0,6.0954992390705005,9.841465597252546
3943,False,10000,50,uniform,1,500,0,0.1,straight,77,-3860899993754.074,59.98,4.881486148051761,12.282962628890909
24048,False,10000,50,uniform,1,500,0,0.001,straight,48157,-7666459994311.964,59.96,24.52878534338226,2.4438420211210987
24805,False,10000,50,uniform,1,500,0,0.005,2,47752,5597.180005827694,59.96,23.974000986024652,2.50048323069535
24897,False,10000,50,uniform,1,500,0,0.001,1.1,50441,4353.2140559039435,60.0,25.11571921391687,2.3884070411915035
4050,False,10000,50,uniform,1,500,0,0.1,1.1,76,5140.904313296367,60.0,4.940689542882864,12.141393098906786
25456,False,10000,50,uniform,1,500,0,0.0001,straight,50964,-8447159994321.77,59.98,25.90728073892779,2.314580584175643
26721,False,10000,50,uniform,1,500,0,0,1.1,55074,4300.663296650312,59.92,26.87127606072243,2.2293295622390565
27074,False,10000,50,uniform,1,500,0,0.0001,1.1,55716,4260.661675881115,59.98,27.21211638907274,2.2035999988123502
5558,False,10000,50,uniform,1,500,0,0.1,2,90,5841.039898147441,59.98,5.908342245215953,10.153219568884467
3734,False,10000,50,uniform,1,500,0,1,straight,0,-3673059993782.621,59.94,4.673059999999895,12.82317498267869
11610,False,10000,50,uniform,1,500,0,0.05,3,657,5972.265702133682,59.98,9.779261557968596,6.132813454236087
3986,False,10000,50,uniform,1,500,0,1,1.1,0,5169.508156311921,60.0,4.879372343362685,12.297887511543852
5405,False,10000,50,uniform,1,500,0,1,2,1,5838.311936463819,60.0,5.774962725771315,10.390972213392036
32531,False,10000,50,uniform,1,500,0,0,2,65722,5426.568102253099,59.98,30.896719923134732,1.9407602852169072
34459,False,10000,50,uniform,1,500,0,0.001,2,65871,5481.338119071114,59.96,32.7086900131177,1.8326578901806214
35169,False,10000,50,uniform,1,500,0,0.0001,2,67370,5448.846247754189,60.0,33.320513581961265,1.8001497615887068
11572,False,10000,50,uniform,1,500,0,0.1,3,99,5979.078179816307,59.98,9.687726749514855,6.189860270882487
11301,False,10000,50,uniform,1,500,0,1,3,1,5980.587384278633,59.98,9.469797805272474,6.333160312032734
21827,False,10000,50,uniform,1,500,0,0.05,random,794,5990.2719714853,59.98,22.75874912074892,2.6340838958638018
42100,False,10000,50,uniform,1,500,0,0.01,3,56308,5700.025771144121,59.98,36.14222506825312,1.6592928645782516
15304,False,10000,50,1.1,1,500,0,0,straight,44348,-4838439994222.315,59.96,15.822724058561008,3.788834057417941
20354,False,10000,50,uniform,1,500,0,0.1,random,80,5999.617883042304,60.0,21.292333280751738,2.8172617408566962
48853,False,10000,50,uniform,1,500,0,0.005,3,73298,5673.9406636896265,59.96,41.82253944574777,1.4332587825511807
19383,False,10000,50,1.1,1,500,0,0,1.1,46039,4709.675263925841,59.98,19.715096831346226,3.040750323010753
22677,False,10000,50,uniform,1,500,0,1,random,0,6000.0,60.0,23.61600000000588,2.540304906289319
16858,False,10000,50,1.1,1,500,0,0.0001,1.1,47172,4912.318952509069,59.98,17.18758453658029,3.4890057706630646
17662,False,10000,50,1.1,1,500,0,0.0001,straight,46856,-5668139994176.955,59.98,18.15463189383723,3.302247502582591
54416,False,10000,50,uniform,1,500,0,0.001,3,84275,5625.288608666011,59.96,46.29456122642675,1.2948520509447297
54962,False,10000,50,uniform,1,500,0,0,3,85602,5642.379998993809,59.98,46.57848981036221,1.2873614423010744
20363,False,10000,50,1.1,1,500,0,0.001,straight,44682,-6649379994272.348,60.0,20.877191418770096,2.8733626324853923
10551,False,10000,50,1.1,1,500,0,0.005,straight,29730,-3148819994202.162,59.96,11.212032643982118,5.347134894043225
30457,False,10000,50,1.1,1,500,0,0,2,58167,5421.685396368456,60.0,29.014932062186983,2.067435602790642
59559,False,10000,50,uniform,1,500,0,0.0001,3,86033,5627.433539753834,60.0,50.217405584676825,1.1944510645979884
25183,False,10000,50,1.1,1,500,0,0.0001,2,56564,5535.015052575257,60.0,24.07841123504145,2.4903649999982123
30682,False,10000,50,1.1,1,500,0,0,3,59194,5694.884640624062,59.98,26.918867266910134,2.2281504366463607
19771,False,10000,50,1.1,1,500,0,0.001,1.1,46950,4682.214874703521,59.96,20.081520129121508,2.9852134886374744
8178,False,10000,50,1.1,1,500,0,0.01,straight,14461,-2846559994137.8096,60.02,8.988269677215175,6.678974554600952
14938,False,10000,50,1.1,1,500,0,0.005,1.1,33632,4978.853324724528,59.98,15.425828374374847,3.887669948055836
8575,False,10000,50,1.1,1,500,0,0.01,1.1,16881,5343.251360280489,59.96,9.284691812166086,6.459122643670318
3907,False,10000,50,1.1,1,500,0,0.05,straight,532,-3596779993734.1855,59.98,4.8427078540813016,12.404233444589584
4278,False,10000,50,1.1,1,500,0,0.05,1.1,452,5153.324447788417,59.98,5.1681400431373,11.61420416320534
22632,False,10000,50,1.1,1,500,0,0.001,2,55100,5626.541880994891,59.94,21.726066103962438,2.758728824838226
4983,False,10000,50,1.1,1,500,0,0.05,2,616,5830.804757191088,59.98,5.42816627367784,11.061955914687346
4137,False,10000,50,1.1,1,500,0,0.1,straight,97,-4043719993587.0586,59.96,5.075170433837773,11.837327914540197
32503,False,10000,50,1.1,1,500,0,0.0001,3,67824,5708.847930435506,59.96,27.9851300776887,2.1420708121109713
4241,False,10000,50,1.1,1,500,0,0.1,1.1,101,5108.055240007157,60.04,5.134416572799407,11.707240996186547
5360,False,10000,50,1.1,1,500,0,0.1,2,131,5813.726392603483,59.94,5.7614317159269515,10.44554892989863
3871,False,10000,50,1.1,1,500,0,1,straight,0,-3810039993688.6626,59.96,4.81003999999994,12.469483278820318
10036,False,10000,50,1.1,1,500,0,0.05,3,870,5972.866470681326,59.96,8.578687539856592,6.983720506427875
13087,False,10000,50,1.1,1,500,0,0.01,2,22799,5682.776082004311,60.0,13.054788538736608,4.597303872736089
3892,False,10000,50,1.1,1,500,0,1,1.1,0,5143.2772524069405,59.98,4.790543992387294,12.525328717213672
3673,False,10000,50,2,1,500,0,0,straight,18036,-908879994148.8531,59.98,4.437566825983683,13.545255249527496
5677,False,10000,50,1.1,1,500,0,1,2,1,5815.868459525851,59.94,6.037852031119906,9.946107393866551
24490,False,10000,50,1.1,1,500,0,0.005,2,42329,5379.4757482562245,59.98,23.68326066281265,2.5320672072355426
4283,False,10000,50,2,1,500,0,0,2,20868,5843.316925745746,59.96,4.839429977983848,12.476813210226412
1657,False,10000,50,2,1,500,0,0.0001,1.1,11924,5805.22429088494,59.98,2.4698757578845005,24.81913253920296
11551,False,10000,50,1.1,1,500,0,0.1,3,93,5975.685970814505,59.96,9.664806746481387,6.20871927243815
5245,False,10000,50,2,1,500,0,0,1.1,18705,5518.937118626808,60.12,5.972994269388259,10.138921641099337
1665,False,10000,50,2,1,500,0,0.001,straight,7816,-134399994222.95816,59.98,2.530449692937946,24.143598176392647
9836,False,10000,50,1.1,1,500,0,1,3,0,5980.948124875642,59.98,8.373415684709038,7.175070702946527
4683,False,10000,50,2,1,500,0,0.0001,straight,15329,-1152959994279.218,60.06,5.471726095374314,11.017357885010702
5051,False,10000,50,2,1,500,0,0.0001,3,20899,5892.942148911011,60.1,5.2046880052129545,11.581730548911016
38820,False,10000,50,1.1,1,500,0,0.001,3,70759,5726.912025183014,59.98,33.10224403729824,1.8115239970556651
73334,False,10000,50,uniform,1,500,0,0.01,random,72933,5741.062689618395,59.98,73.55034751753918,0.8152443523545029
31881,False,10000,50,1.1,1,500,0,0.005,3,48751,5671.973980744679,59.98,28.00404713820696,2.1416056869667512
3554,False,10000,50,2,1,500,0,0.001,1.1,17095,5699.01116388174,60.0,4.3092233493221395,14.065959840201037
924,False,10000,50,2,1,500,0,0.005,3,5969,5918.338044156175,60.0,1.7776648259991326,34.17649040097479
2050,False,10000,50,2,1,500,0,0.005,1.1,7585,5762.548533924107,60.0,2.908436749925046,20.854182297380714
5201,False,10000,50,2,1,500,0,0.001,2,16691,5775.969365247271,60.08,5.753080474468298,10.440800899365822
1876,False,10000,50,2,1,500,0,0.005,2,11563,5878.847485540477,60.04,2.6492257714730685,22.935107421695214
8735,False,10000,50,2,1,500,0,0.0001,2,25178,5658.884452138365,60.28,9.004342654460785,6.6658722002345545
21439,False,10000,50,1.1,1,500,0,0.05,random,908,5991.359527240511,59.98,22.370073001838737,2.681940747852813
2978,False,10000,50,2,1,500,0,0.005,straight,10496,-885159994125.586,60.02,3.817906774157625,15.764653657259652
1211,False,10000,50,2,1,500,0,0.01,straight,6748,-315319994038.38135,60.04,2.0845570042915766,29.176088613323362
955,False,10000,50,2,1,500,0,0.01,random,6752,5968.222476932263,59.98,1.8283912250305305,33.331971542999774
2292,False,10000,50,2,1,500,0,0.01,2,7873,5894.055741769484,60.02,3.045256085230554,19.829891335770945
2335,False,10000,50,2,1,500,0,0.01,1.1,6350,5787.343147090022,60.12,3.2005508073726117,18.830436724598194
21052,False,10000,50,1.1,1,500,0,0.1,random,101,5999.550978739967,60.0,21.990100767760968,2.7287922624208387
7486,False,10000,50,2,1,500,0,0.001,3,26101,5772.330730025232,59.96,7.230322084882625,8.314883412793042
2874,False,10000,50,2,1,500,0,0.01,3,11430,5915.379792404992,59.98,3.4178668796409952,17.76106777382696
2309,False,10000,50,2,1,500,0,0.05,2,2412,5877.27262614559,59.98,3.0389017612225535,20.479246241854344
3226,False,10000,50,2,1,500,0,0.05,1.1,1717,5275.48392289586,60.02,4.129223232440671,14.863308844516263
4058,False,10000,50,2,1,500,0,0.05,straight,1526,-3815679992000.2,60.02,4.983616323708869,12.426095231835658
90409,False,10000,50,uniform,1,500,0,0.001,random,104001,5732.427603908364,59.94,90.3174443561873,0.663452179683061
89459,False,10000,50,uniform,1,500,0,0.0001,random,102175,5699.305416013505,59.98,89.38395830998438,0.6708262738633988
20332,False,10000,50,1.1,1,500,0,1,random,1,5997.999999624186,59.98,21.27100037581792,2.8214288338546036
3411,False,10000,50,2,1,500,0,0.1,1.1,579,5199.962209107045,59.94,4.322704094908803,14.15418371605597
31112,False,10000,50,1.1,1,500,0,0.01,3,45440,5693.356902616198,60.0,26.96094137168295,2.2252973095408692
92560,False,10000,50,uniform,1,500,0,0.005,random,89889,5695.9810888419415,60.0,92.60524449917473,0.6477104145866818
3987,False,10000,50,2,1,500,0,0.1,straight,501,-3893719992081.6514,59.98,4.921480286570913,12.855281496238192
92356,False,10000,50,uniform,1,500,0,0,random,104266,5711.071763390343,59.98,92.26337993421348,0.6498917341944235
19262,False,10000,50,2,1,500,0,0,3,30709,5759.292589244274,60.06,16.634903065328025,3.5939214810643936
993,False,10000,50,3,1,500,0,0,1.1,4693,5864.780252940263,60.08,1.881635815613847,32.35877922250924
3854,False,10000,50,2,1,500,0,0.1,2,1071,5769.170386354475,60.0,4.460835184795222,13.85702304558688
8740,False,10000,50,2,1,500,0,0.005,random,17137,5845.233646467544,59.98,9.512527001732336,6.324118544840495
2154,False,10000,50,3,1,500,0,0,2,6429,5782.943761267033,59.98,2.979795285886532,20.616493595146444
2596,False,10000,50,3,1,500,0,0,straight,7500,-796259994143.082,60.0,3.4580096132550198,17.50614208223533
2071,False,10000,50,3,1,500,0,0.0001,straight,7257,-535619994106.3936,60.06,2.935122352562122,20.8045325520015
7336,False,10000,50,2,1,500,0,0.05,random,2035,5994.573051156868,59.98,8.2556807768248,7.446508631762696
2034,False,10000,50,3,1,500,0,0.0001,random,5296,5764.830303581398,60.0,2.9173248042579263,20.76751068445825
3576,False,10000,50,3,1,500,0,0.0001,1.1,7829,5441.780907801518,60.0,4.423792472500526,13.703520443408408
3505,False,10000,50,3,1,500,0,0.0001,2,10362,5781.029246862611,60.0,4.190357575402555,14.369520805065067
6310,False,10000,50,2,1,500,0,1,2,1,5638.007568153225,59.98,6.71975977328456,8.989885863800323
2200,False,10000,50,3,1,500,0,0.001,1.1,6273,5638.462699605764,60.0,3.0687882787155836,20.476501389656104
7197,False,10000,50,2,1,500,0,1,1.1,0,4311.451628953699,60.0,8.092572555921045,7.476572444743851
5388,False,10000,50,3,1,500,0,0,3,7468,5837.317623436849,60.24,5.380710274229256,11.27241577615158
10219,False,10000,50,2,1,500,0,0.05,3,1137,5975.892695707797,59.98,8.700646617277119,7.108827654812741
2930,False,10000,50,3,1,500,0,0.001,straight,9187,-1000019994160.3572,60.0,3.773548683980483,16.111793338324404
636,False,10000,50,3,1,500,0,0.005,1.1,2367,5914.590706065242,59.98,1.5513258023041545,40.59285990120115
561,False,10000,50,3,1,500,0,0.005,2,1882,5944.300891786611,60.02,1.4715358418056397,42.61664334334866
8033,False,10000,50,2,1,500,0,1,straight,0,-7971999988729.492,60.0,8.972000000000467,6.718473716344151
602,False,10000,50,3,1,500,0,0.01,straight,2840,-179419993999.4862,60.2,1.5128672849353944,41.688919693834734
570,False,10000,50,3,1,500,0,0.01,1.1,2929,5948.78852449751,60.04,1.4770312359703446,42.85077113878801
689,False,10000,50,3,1,500,0,0.01,2,2751,5981.047600765063,60.22,1.573733692508519,39.95029020028389
1860,False,10000,50,3,1,500,0,0.005,straight,7312,-514879994112.3822,59.98,2.7203100399491635,22.357285563170954
2917,False,10000,50,3,1,500,0,0.001,2,10735,5792.225244358589,60.02,3.624019474377962,16.652295186753353
1319,False,10000,50,3,1,500,0,0.05,1.1,1729,5742.796950925492,59.96,2.2334001784041195,29.89201770993657
2708,False,10000,50,3,1,500,0,0.005,3,5312,5813.953252436913,60.18,3.30843732293157,18.511016393801516
11911,False,10000,50,2,1,500,0,0.1,3,808,5977.517281494839,60.0,9.954298515436705,6.080534854955788
3563,False,10000,50,3,1,500,0,0.05,3,1362,5989.763794233996,60.0,3.6522171395711167,17.06061556267124
5262,False,10000,50,3,1,500,0,0.01,3,6299,5787.184620691891,60.02,5.303326667282931,11.51479736412694
29137,False,10000,50,2,1,500,0,0,random,26842,5762.227798493224,59.98,29.80966643133906,2.0084073843557992
5438,False,10000,50,3,1,500,0,0.05,2,1117,5690.356060611813,60.02,5.939616679779396,10.409074143949583
6495,False,10000,50,3,1,500,0,0.05,straight,1490,-6322519985481.582,60.0,7.419443471219268,8.395167325211396
3931,False,10000,50,3,1,500,0,0.1,1.1,342,5063.435857615892,60.06,4.847381163437707,12.831341451750518
45365,False,10000,50,1.1,1,500,0,0.01,random,51745,5647.368758709187,59.98,45.7984896473968,1.3093482396925338
55045,False,10000,50,1.1,1,500,0,0.005,random,73325,5779.506436265577,59.96,55.267553693286345,1.0845678686352636
13486,False,10000,50,3,1,500,0,0,random,13338,5880.717613787499,60.12,14.280546709431452,4.198754547486511
15011,False,10000,50,2,1,500,0,1,3,0,5970.996033784259,59.98,12.287610292789548,4.969340290103805
10213,False,10000,50,3,1,500,0,0.01,random,10607,5840.797875672741,60.06,11.038868167088058,5.459278963593676
12440,False,10000,50,3,1,500,0,0.001,3,6566,5789.424884737889,60.0,10.714146276848542,5.6210888630157205
14856,False,10000,50,3,1,500,0,0.0001,3,14830,5758.728809244512,60.04,12.694955082994847,4.73428301808748
5599,False,10000,50,3,1,500,0,0.1,2,344,5682.402576711431,60.0,6.081076871317751,10.082795394989386
8705,False,10000,50,3,1,500,0,0.1,straight,248,-8625219981791.655,60.0,9.641818785030388,6.296613925286623
6692,False,10000,50,3,1,500,0,1,2,2,5569.131426091195,60.0,7.103594015577686,8.870345482384977
35863,False,10000,50,2,1,500,0,0.0001,random,22817,5730.942556672534,59.98,36.579001585405166,1.6409949589236508
9179,False,10000,50,3,1,500,0,1,straight,0,-9117999979243.404,60.0,10.117999999999832,6.0516796635923376
10968,False,10000,50,3,1,500,0,0.1,3,556,5971.579235602837,59.98,9.259851299128975,6.625693463670464
14407,False,10000,50,3,1,500,0,0.05,random,1135,6000.072140908709,60.02,15.335090411558733,3.974772232070383
11733,False,10000,50,3,1,500,0,1,1.1,0,3281.0608514349005,59.98,12.611392955124288,4.806518451893586
11631,False,10000,50,3,1,500,0,1,3,0,5970.858649570731,60.0,9.745183222319127,6.458564934378547
19953,False,10000,50,3,1,500,0,0.005,random,8555,5873.224378049497,60.02,20.800604348094733,2.8842253150330572
28158,False,10000,50,2,1,500,0,1,random,0,6000.0,60.0,29.097000000012578,2.0775021390455355
37481,False,10000,50,2,1,500,0,0.001,random,31630,5732.75623956968,60.0,38.11154352625358,1.5744360164406905
15230,False,10000,50,3,1,500,0,1,random,4,5997.999976816571,59.98,16.168968416288408,3.832186513871716
19120,False,10000,50,3,1,500,0,0.1,random,186,5999.958358799073,60.0,20.057329469920674,3.0628761327642153
97476,False,10000,50,1.1,1,500,0,0,random,88909,5735.710847893638,59.96,97.53856665050309,0.6145378317904977
38559,False,10000,50,2,1,500,0,0.1,random,10,5999.967519883844,60.0,39.497925755893476,1.5362497641852422
35837,False,10000,50,3,1,500,0,0.001,random,13297,5787.736809360661,60.02,36.63426683492077,1.6278496894582382
94759,False,10000,50,1.1,1,500,0,0.001,random,82522,5728.828756365709,59.96,94.89087573718727,0.6316902864818237
110560,False,10000,50,1.1,1,500,0,0.0001,random,87650,5665.371853123162,59.94,110.63914933572994,0.5415914989347336
