17606,False,1000,10,uniform,1,500,0,0.005,straight,386,-11449199995397.508,30.0,18.560449365332303,1.6110827524149371
18534,False,1000,10,uniform,1,500,0,0.01,straight,114,-17018999989609.402,30.0,19.498580080837634,1.5335806197507744
18731,False,1000,10,uniform,1,500,0,0.005,1.1,425,-727.0017389745352,30.0,19.589321363437715,1.5263901837963352
20571,False,1000,10,uniform,1,500,0,0.01,1.1,91,-1969.4375068891036,30.0,21.431764445840557,1.395172390056053
20838,False,1000,10,uniform,1,500,0,0.001,straight,859,-8657899997993.256,30.0,21.771648949811095,1.3734249056109884
22612,False,1000,10,uniform,1,500,0,0.0001,straight,1113,-9279599997893.566,30.0,23.534514622843297,1.270561408189814
23389,False,1000,10,uniform,1,500,0,0.001,1.1,1011,-1043.622885678356,30.0,24.21321829418168,1.234890884964313
25002,False,1000,10,uniform,1,500,0,0.01,2,184,1439.037606980089,30.0,24.049417250269396,1.2434663159616908
25439,False,1000,10,uniform,1,500,0,0.0001,1.1,1225,-1081.2171802009925,30.0,26.227971008318878,1.1400582471133047
22557,False,1000,10,uniform,1,500,0,0,straight,1010,-8848299998254.943,30.0,23.485087884199665,1.273206209625355
27747,False,1000,10,uniform,1,500,0,0.005,2,679,1136.4063009092956,30.0,26.872888663444854,1.1125110363176098
24826,False,1000,10,uniform,1,500,0,0,1.1,1310,-1000.657732459028,30.0,25.605352679973965,1.1678320143550307
35509,False,1000,10,uniform,1,500,0,0.001,2,1450,1086.022780630597,30.0,34.16164758958192,0.8753703130863792
17516,False,1000,10,uniform,1,500,0,0.05,straight,6,-17463699987162.35,30.0,18.48476648146662,1.6177282180164752
35366,False,1000,10,uniform,1,500,0,0,2,1547,992.9854982386844,30.0,34.06424874587754,0.8778768412575276
18393,False,1000,10,uniform,1,500,0,0.05,1.1,2,-1353.6942020825882,30.0,19.259941544425622,1.5525959204258497
38551,False,1000,10,uniform,1,500,0,0.0001,2,1593,687.888212686343,30.0,37.047281062122764,0.8073375284407259
19180,False,1000,10,uniform,1,500,0,0.1,straight,1,-19145899985683.64,30.0,20.148906289886238,1.4840588053298556
23369,False,1000,10,uniform,1,500,0,0.05,2,6,1750.4882995714008,30.0,22.35317118254653,1.3380029665447333
19473,False,1000,10,uniform,1,500,0,0.1,1.1,3,-1652.7586197188382,30.0,20.335665096300204,1.470450114649187
7496,False,1000,10,1.1,1,500,0,0,straight,1016,-3174199997178.3804,30.0,8.421944512891727,3.5391582550043568
23126,False,1000,10,uniform,1,500,0,0.1,2,0,1563.973830879601,30.0,22.176944109892002,1.3485910472204286
18461,False,1000,10,uniform,1,500,0,1,straight,0,-18429999986250.906,30.0,19.43000000000076,1.5390308300861937
18219,False,1000,10,uniform,1,500,0,1,1.1,0,-1412.729948091283,30.0,19.08771792624262,1.5666492561102576
7966,False,1000,10,1.1,1,500,0,0.0001,1.1,1013,1899.2884443686132,30.0,8.835192799906086,3.3851868544937105
16365,False,1000,10,1.1,1,500,0,0,1.1,951,364.5869025084734,30.0,17.20523840440789,1.7380027299569245
11323,False,1000,10,1.1,1,500,0,0.0001,straight,851,-4644599997402.42,30.0,12.257948004013002,2.4397555841785867
24678,False,1000,10,uniform,1,500,0,1,2,0,1526.0087749123793,30.0,23.564186448586373,1.2694251134596795
16936,False,1000,10,1.1,1,500,0,0,2,1317,2248.9098589517903,30.0,16.74843372613764,1.7855179686693947
66713,False,1000,10,uniform,1,500,0,0.01,3,643,2591.087287038198,30.0,52.340910573061464,0.5713691129872389
16277,False,1000,10,1.1,1,500,0,0.0001,2,1276,2199.255144733702,30.0,16.137605352698763,1.8540472500683518
71648,False,1000,10,uniform,1,500,0,0.0001,3,1934,2226.447217194579,29.9,57.615284220052025,0.5174358061164168
13453,False,1000,10,1.1,1,500,0,0.001,straight,758,-5966499997383.383,30.0,14.390058868989396,2.078011043985327
76022,False,1000,10,uniform,1,500,0,0.005,3,1323,2127.2721709233783,30.0,60.5611753858892,0.4939152528435284
15567,False,1000,10,1.1,1,500,0,0.001,1.1,764,274.1684570108671,30.0,16.431444654328015,1.8200702219774587
55512,False,1000,10,uniform,1,500,0,0.05,3,5,2879.6711139855597,30.0,42.93467461884275,0.6964583669396938
17827,False,1000,10,1.1,1,500,0,0.001,2,1141,1941.1839480961542,30.0,17.628484246162863,1.6963213159198698
11586,False,1000,10,1.1,1,500,0,0.005,straight,456,-6931599996169.639,29.9,12.538208222844634,2.3773769401876708
58314,False,1000,10,uniform,1,500,0,0.1,3,0,2882.0168151810176,30.0,45.013829691748,0.6644003631523006
12700,False,1000,10,1.1,1,500,0,0.005,1.1,474,671.5828052297709,30.0,13.585485580684272,2.201293125970286
11759,False,1000,10,1.1,1,500,0,0.005,2,889,2399.046597632134,30.0,11.915913114263217,2.5108226239561353
47627,False,1000,10,1.1,1,500,0,0,3,1586,2572.9403603359583,30.0,38.166402755181416,0.7836296691394117
91995,False,1000,10,uniform,1,500,0,0.001,3,2215,2340.9746645899613,30.0,72.894265645422,0.41031864425472514
58970,False,1000,10,uniform,1,500,0,1,3,0,2882.3783844800773,30.0,45.5581508602425,0.6562206311505147
18764,False,1000,10,1.1,1,500,0,0.01,straight,122,-16841299988399.59,30.0,19.72841868097728,1.515717196014681
34048,False,1000,10,1.1,1,500,0,0.0001,3,1653,2743.4673888149073,30.0,27.63709622797203,1.0823205536421967
99320,False,1000,10,uniform,1,500,0,0,3,2323,2354.2853584354784,30.0,78.39459757014028,0.3814260710977222
18148,False,1000,10,1.1,1,500,0,0.01,1.1,147,-1105.8695623858075,30.0,19.018376427624844,1.5723449794229647
17518,False,1000,10,1.1,1,500,0,0.01,2,291,1918.5555331765445,30.0,17.138930234522473,1.7469829957367977
17354,False,1000,10,1.1,1,500,0,0.05,straight,3,-17306199985843.043,30.0,18.322918330579277,1.6320352696519294
17257,False,1000,10,1.1,1,500,0,0.05,1.1,3,-1386.6723550818174,30.0,18.13597452249357,1.6489711591087801
25253,False,1000,10,1.1,1,500,0,0.05,2,14,1473.4936919948757,29.9,24.171526466148215,1.2320966277566288
19811,False,1000,10,1.1,1,500,0,0.1,straight,0,-19779999981625.473,30.0,20.78000000000241,1.4390820006474836
20033,False,1000,10,1.1,1,500,0,0.1,1.1,0,-1836.0937175221043,30.0,20.894373022530846,1.4313030068939523
57845,False,1000,10,1.1,1,500,0,0.001,3,1830,2582.2231338195948,30.0,46.067935938865844,0.6492504285705907
22974,False,1000,10,1.1,1,500,0,0.1,2,5,1725.5284531300763,30.0,22.06126658481137,1.3561589051545493
12532,False,1000,10,1.1,1,500,0,1,2,0,2217.3087549005877,30.0,12.439378805359674,2.4034486438275695
112322,False,1000,10,uniform,1,500,0,0.05,random,3,2999.8715536177647,30.0,113.29095835242273,0.2639281713457923
17593,False,1000,10,1.1,1,500,0,1,straight,0,-17561999984299.072,30.0,18.561999999999706,1.6109897717911212
3538,False,1000,10,2,1,500,0,0,straight,556,-1665999997065.225,29.9,4.4843090034271125,6.651157834506838
4514,False,1000,10,2,1,500,0,0,1.1,488,2203.1166850333175,30.0,5.4448339679904425,5.5056060868129215
63104,False,1000,10,1.1,1,500,0,0.005,3,1074,2227.1028423191956,30.0,49.986242041273314,0.5988753499868481
112365,False,1000,10,uniform,1,500,0,0.1,random,5,2999.8606948905845,30.0,113.33367694620078,0.263829898603008
20235,False,1000,10,1.1,1,500,0,1,1.1,0,-1937.424561211576,30.0,21.088154687426865,1.4183075935732832
2243,False,1000,10,2,1,500,0,0.0001,1.1,489,2618.4487661893604,30.0,3.1812792945978634,9.397001239226354
2702,False,1000,10,2,1,500,0,0.0001,straight,405,-1401999996931.4058,30.1,3.656461117409956,8.201775272822095
6370,False,1000,10,2,1,500,0,0,2,748,2480.7841951428118,30.1,6.920444691810859,4.334696898055466
47851,False,1000,10,1.1,1,500,0,0.05,3,12,2896.624693380159,30.0,37.159449733483335,0.8054293746881218
60807,False,1000,10,1.1,1,500,0,0.01,3,330,2666.5175639269573,30.0,47.35018449726769,0.6305962699586726
5075,False,1000,10,2,1,500,0,0.001,straight,464,-2631799996907.7783,30.0,6.024506848297815,4.976312330272787
7904,False,1000,10,2,1,500,0,0.0001,2,693,2483.0943040499824,29.9,8.348487321492069,3.5635022293017897
5038,False,1000,10,2,1,500,0,0.001,1.1,610,2082.7249471150703,30.0,5.953683391178538,5.032700573992225
134164,False,1000,10,uniform,1,500,0,0.01,random,369,2640.8262673576637,30.0,135.11700575077927,0.22129174327892306
7250,False,1000,10,2,1,500,0,0.001,2,764,2416.7303462326354,30.0,7.730851456833473,3.874402116177513
3767,False,1000,10,2,1,500,0,0.005,1.1,364,2261.3155874086888,30.1,4.70224529383748,6.382944796709235
6454,False,1000,10,2,1,500,0,0.005,straight,424,-4537899994568.936,30.0,7.407356445863847,4.039340561632591
6525,False,1000,10,2,1,500,0,0.005,2,780,2580.4184697578485,30.0,7.041412360420931,4.249751139586078
128601,False,1000,10,uniform,1,500,0,1,random,0,3000.0,30.0,129.57000000025462,0.23076680888890905
61302,False,1000,10,1.1,1,500,0,0.1,3,2,2858.096783397091,29.9,47.316636030740284,0.6299903278392192
33405,False,1000,10,2,1,500,0,0,3,1046,2588.8210583488985,30.1,26.91625653101434,1.1135200455248349
5208,False,1000,10,2,1,500,0,0.01,2,299,2617.465702351189,30.0,5.810956614639876,5.150700308047886
8695,False,1000,10,2,1,500,0,0.01,1.1,199,1020.1271626452105,29.9,9.612652787181666,3.1043522480683725
182216,False,1000,10,uniform,1,500,0,0.005,random,1857,2576.26502424363,30.0,183.09424396732194,0.1633049809711572
180208,False,1000,10,uniform,1,500,0,0,random,2345,2731.546811141494,30.0,181.0607790596613,0.16513885405982945
20501,False,1000,10,2,1,500,0,0.01,straight,83,-19346699971987.87,30.0,21.467401259415723,1.3929673695370939
35170,False,1000,10,2,1,500,0,0.001,3,824,2704.0894083793028,30.0,28.008189133002986,1.0685557585447378
63542,False,1000,10,1.1,1,500,0,1,3,0,2890.8288135593793,30.0,49.01349664722569,0.6102719211545581
34709,False,1000,10,2,1,500,0,0.005,3,874,2639.2592674059297,30.0,27.72723228606669,1.080664612813146
192240,False,1000,10,uniform,1,500,0,0.001,random,2325,2683.717390136676,30.0,193.09612396532015,0.1548461649261961
115798,False,1000,10,1.1,1,500,0,0.005,random,1674,2667.3936089748386,30.0,116.68656458005835,0.2562451299308239
53041,False,1000,10,2,1,500,0,0.0001,3,793,2560.8360821823653,30.0,41.7843019834085,0.7156997443354995
20541,False,1000,10,2,1,500,0,0.05,straight,8,-20492199959926.277,30.0,21.50956181018701,1.3903376317580043
203223,False,1000,10,uniform,1,500,0,0.0001,random,2373,2599.5628585709137,30.0,204.07620475300016,0.14651492795707793
116388,False,1000,10,1.1,1,500,0,0.01,random,890,2753.7463501337593,30.0,117.31335190322997,0.2548850489942278
32203,False,1000,10,2,1,500,0,0.01,3,364,2798.5191537162427,30.0,25.657662056333955,1.1672318558856287
23233,False,1000,10,2,1,500,0,0.05,1.1,3,-2200.9172478823084,30.0,24.077760637011743,1.242200233985153
145850,False,1000,10,1.1,1,500,0,0.0001,random,1801,2705.3609438987833,30.0,146.7328852178615,0.2037771725904871
17935,False,1000,10,2,1,500,0,0.1,2,4,1916.1866563533745,30.0,17.43267725106221,1.717845706517739
26830,False,1000,10,2,1,500,0,0.05,2,21,1347.200516484339,30.0,25.66526502527942,1.1675450638188234
3778,False,1000,10,3,1,500,0,0,straight,431,-2291299996095.127,30.0,4.727731701652244,6.33993974183225
27593,False,1000,10,2,1,500,0,0.05,random,40,2997.981090759628,30.0,28.560641423994745,1.0479644036539135
27104,False,1000,10,2,1,500,0,0.1,straight,1,-27070299948003.875,30.0,28.07300000001133,1.0652282001967586
6276,False,1000,10,3,1,500,0,0,2,280,2511.9084788858836,30.0,6.815160935530666,4.392085069081487
8804,False,1000,10,3,1,500,0,0,1.1,375,997.8325407185796,30.0,9.727317992993854,3.0764664081362154
59873,False,1000,10,2,1,500,0,0.005,random,806,2848.0559394623897,30.0,60.80408282762526,0.49014146417767135
27605,False,1000,10,2,1,500,0,0.1,1.1,0,-3582.39378539385,30.0,28.440979916714376,1.0518910073793553
5641,False,1000,10,3,1,500,0,0.0001,1.1,334,1786.6318280453524,30.1,6.569977417543356,4.56444030810391
6736,False,1000,10,3,1,500,0,0.0001,2,501,2489.1886306931715,30.0,7.240443346148183,4.139987949760441
10906,False,1000,10,3,1,500,0,0.0001,straight,319,-7098699992801.4375,30.0,11.862394923416328,2.514320797375785
28030,False,1000,10,2,1,500,0,1,straight,0,-27998999938308.312,30.0,28.99900000001246,1.0312542834955993
178333,False,1000,10,1.1,1,500,0,0,random,1946,2665.0405781182326,30.0,179.20491677388344,0.16684994637735182
156165,False,1000,10,1.1,1,500,0,0.001,random,1801,2758.9545967079466,30.0,157.0470916517784,0.1903921610725699
44463,False,1000,10,2,1,500,0,0.05,3,19,2918.1301142432303,30.0,34.58755967725469,0.8647072041637476
4156,False,1000,10,3,1,500,0,0.001,1.1,281,2159.8607094059053,30.0,5.097322585734556,5.862316425994005
6375,False,1000,10,3,1,500,0,0.001,straight,261,-3422899996402.166,30.0,7.333682289666099,4.084904026928868
25457,False,1000,10,2,1,500,0,1,1.1,0,-3118.597632582708,30.0,26.303306516706805,1.137156891925148
6710,False,1000,10,3,1,500,0,0.001,2,436,2371.1084064262877,30.0,7.233851634884812,4.131419215974469
5634,False,1000,10,3,1,500,0,0.005,2,252,2555.776556513428,30.0,6.24146867360333,4.83692397322794
6541,False,1000,10,3,1,500,0,0.005,1.1,290,1556.2385170351417,30.0,7.472386757081696,4.008472678554638
42310,False,1000,10,2,1,500,0,0.1,3,0,2889.0223795979837,30.0,32.97265935299319,0.9056090783429299
109461,False,1000,10,1.1,1,500,0,1,random,0,3000.0,30.0,110.43000000016323,0.27078615877350193
10220,False,1000,10,3,1,500,0,0.005,straight,170,-7587999989816.617,30.0,11.182402668982387,2.6795190805629203
4762,False,1000,10,3,1,500,0,0.01,2,170,2634.739790677929,30.0,5.397885611572187,5.587846539863646
35318,False,1000,10,2,1,500,0,1,2,0,1041.6046111002638,30.0,33.43019992536072,0.8957399355192953
7807,False,1000,10,3,1,500,0,0.01,1.1,176,1326.0929170146767,30.0,8.735345216161148,3.4266506883460415
31390,False,1000,10,3,1,500,0,0,3,649,2685.0165330074865,30.0,25.134895379686572,1.1838418433748066
14699,False,1000,10,3,1,500,0,0.01,straight,110,-14025199965244.662,30.0,15.663423540648301,1.9122832564536139
19912,False,1000,10,3,1,500,0,0.001,3,398,2711.160490583802,30.0,16.426524907449743,1.8184318313743844
28063,False,1000,10,3,1,500,0,0.005,3,477,2729.0091287713813,30.0,22.5620944792329,1.327268174128339
146198,False,1000,10,1.1,1,500,0,0.1,random,0,3000.0,30.0,147.16700000033865,0.20318336864757494
42971,False,1000,10,3,1,500,0,0.0001,3,525,2689.8294404143753,30.0,33.81003898759148,0.884895927688517
24907,False,1000,10,3,1,500,0,0.01,3,204,2844.5817668065365,30.2,20.034558580547987,1.4940509678469782
145693,False,1000,10,1.1,1,500,0,0.05,random,11,2999.1244585539416,30.0,146.66142842772842,0.203885861777756
24377,False,1000,10,3,1,500,0,0.05,1.1,4,-2815.6486271952676,30.0,25.222288512740846,1.1863624499212801
26513,False,1000,10,3,1,500,0,0.05,straight,2,-26475299887205.7,30.0,27.481978911846113,1.088665508483042
35219,False,1000,10,3,1,500,0,0.005,random,295,2940.4472249226706,30.0,36.17588931156377,0.8277123406604758
128075,False,1000,10,2,1,500,0,0,random,912,2800.790419034904,30.0,129.0013525653474,0.23178889539344866
24785,False,1000,10,3,1,500,0,0.1,1.1,0,-2754.9191081791487,30.0,25.63988378867602,1.1668556822125695
17380,False,1000,10,3,1,500,0,0.1,2,0,1931.3983099058794,30.0,16.979608308598397,1.7686017143498005
132758,False,1000,10,2,1,500,0,0.0001,random,1236,2827.1141013175534,30.0,133.66710810264118,0.2236945347987671
40000,False,1000,10,3,1,500,0,0.05,2,5,117.56793348892411,30.0,37.96969941144029,0.7871169141938301
75833,False,1000,10,2,1,500,0,1,3,0,2824.9366092115392,30.0,58.30611713429566,0.5130447624725596
38519,False,1000,10,3,1,500,0,0.1,straight,0,-38487999845753.53,30.0,39.48799999999867,0.7573749516015492
44005,False,1000,10,3,1,500,0,0.05,3,63,2903.020858516822,30.0,34.29368632831201,0.8742479145795026
23580,False,1000,10,3,1,500,0,1,2,0,1494.0867272842754,30.0,22.700798605927815,1.3181078733553506
32040,False,1000,10,3,1,500,0,1,straight,0,-32008999888117.992,30.0,33.00900000001378,0.9059399287826297
13237,False,1000,20,uniform,1,500,0,0,straight,2008,-4875149999103.94,15.0,14.176472713802468,1.054695039339302
119438,False,1000,10,2,1,500,0,0.01,random,444,2883.271943511647,30.0,120.38750508869089,0.24841041174041237
151856,False,1000,10,2,1,500,0,0.001,random,825,2705.2227278399528,30.0,152.78621849288766,0.19570644562654374
39768,False,1000,10,3,1,500,0,1,1.1,0,-6769.238465381745,30.0,40.556595920024776,0.7375027874923058
15557,False,1000,20,uniform,1,500,0,0,1.1,2301,-578.4855520401263,15.0,16.39694304863915,0.9118366102919906
16009,False,1000,20,uniform,1,500,0,0.0001,straight,2178,-6395499999012.82,15.0,16.943971475239156,0.8824058078384889
15124,False,1000,20,uniform,1,500,0,0.0001,1.1,2267,-452.89983861606424,15.0,15.976501619754206,0.9358686494410522
102368,False,1000,10,3,1,500,0,0,random,682,2747.6445166609783,30.2,103.30437021553094,0.28946235791457886
123357,False,1000,10,2,1,500,0,0.1,random,0,3000.0,30.0,124.32600000022958,0.2405403134904019
58869,False,1000,10,3,1,500,0,0.1,random,0,3000.0,30.0,59.83799999995125,0.5009047591665832
14424,False,1000,20,uniform,1,500,0,0.001,straight,1868,-5659649999035.81,15.0,15.366468827992762,0.972986398964796
26206,False,1000,20,uniform,1,500,0,0,2,3276,289.2679599903048,15.0,25.49180509627583,0.5867988455926073
16114,False,1000,20,uniform,1,500,0,0.001,1.1,2091,-669.527785730578,15.0,16.966149586941984,0.8812687434085307
113157,False,1000,10,3,1,500,0,0.0001,random,283,2810.612879006554,30.0,114.11405280286985,0.2620660078965198
10090,False,1000,20,uniform,1,500,0,0.005,straight,829,-5148399998453.033,15.0,11.056933596753735,1.3523030702475984
10956,False,1000,20,uniform,1,500,0,0.005,1.1,823,-456.42597332884986,15.0,11.866329610857795,1.2600649413246414
24752,False,1000,20,uniform,1,500,0,0.0001,2,3252,380.67058487432246,15.0,24.134277950956974,0.6197680682959757
9615,False,1000,20,uniform,1,500,0,0.01,straight,276,-7859849996200.599,15.0,10.593224051587026,1.4115119768463413
10247,False,1000,20,uniform,1,500,0,0.01,1.1,286,-765.6151013415213,15.0,11.171781429097775,1.338554839786903
16750,False,1000,20,uniform,1,500,0,0.005,2,1370,411.25516805363276,15.0,16.692579566428027,0.8958832446206362
23221,False,1000,20,uniform,1,500,0,0.001,2,2690,287.0393672199401,15.0,22.78481772138888,0.6564419144619855
12856,False,1000,20,uniform,1,500,0,0.01,2,367,640.1755346533279,15.0,12.910018692633017,1.158396027188869
9861,False,1000,20,uniform,1,500,0,0.05,straight,12,-9830499992726.7,15.0,10.844709014984247,1.3788069854731435
9355,False,1000,20,uniform,1,500,0,0.05,1.1,15,-681.4192538104983,15.0,10.286145956229287,1.4536808767063534
153517,False,1000,10,2,1,500,0,1,random,0,3000.0,30.0,154.4860000003736,0.19360587038162405
11911,False,1000,20,uniform,1,500,0,0.05,2,13,827.914929488031,15.0,11.910874424847234,1.2566189877357108
10178,False,1000,20,uniform,1,500,0,0.1,straight,2,-10158349992312.283,15.0,11.161955158170638,1.3395681453241806
127240,False,1000,10,3,1,500,0,0.05,random,49,2999.553223997743,30.0,128.2066101811393,0.23336633019426545
106170,False,1000,10,3,1,500,0,0.1,3,0,2772.660166505902,30.0,81.17471592971141,0.36829536910603766
9908,False,1000,20,uniform,1,500,0,0.1,1.1,5,-901.0416047431884,15.0,10.835469082942069,1.3801645719018802
13267,False,1000,20,uniform,1,500,0,0.1,2,2,718.2292217676369,15.0,13.153930871527072,1.1369861242581731
9721,False,1000,20,uniform,1,500,0,1,straight,0,-9704999992258.84,15.0,10.704999999999504,1.3968096012746714
9614,False,1000,20,uniform,1,500,0,1,1.1,0,-686.5205934387975,15.0,10.544710649899702,1.4180536529502263
11487,False,1000,20,uniform,1,500,0,1,2,0,880.5230654244776,15.0,11.491117081130996,1.300631180435721
57747,False,1000,20,uniform,1,500,0,0,3,4278,1000.01120006204,15.0,46.64124586415831,0.320608600065284
132892,False,1000,10,3,1,500,0,1,random,0,3000.0,30.0,133.8610000002751,0.2234412886501
33587,False,1000,20,uniform,1,500,0,0.01,3,1254,1135.7804066206634,15.0,27.374170766673195,0.5459127162789568
10117,False,1000,20,1.1,1,500,0,0,straight,1858,-4005999998831.169,15.0,11.058657822180626,1.3522446765938327
7887,False,1000,20,1.1,1,500,0,0,1.1,1849,453.3984539741908,15.0,8.783058518157164,1.7031434524131974
28401,False,1000,20,uniform,1,500,0,0.05,3,10,1441.7517902702104,15.0,22.45234789196952,0.6658598856726824
58460,False,1000,20,uniform,1,500,0,0.0001,3,4369,1011.9591117863265,14.95,47.20386120415874,0.31564455932744284
140567,False,1000,10,3,1,500,0,1,3,0,2728.114915865528,30.0,107.20537015499383,0.2789860545644739
9770,False,1000,20,1.1,1,500,0,0,2,1964,907.4869710826808,14.95,10.171569460843648,1.4661881705853825
170786,False,1000,10,3,1,500,0,0.01,random,205,2844.019020034461,30.0,171.74578608499996,0.1741190491450595
6050,False,1000,20,1.1,1,500,0,0.0001,straight,1363,-2215499998757.982,15.0,7.004710521958569,2.1353152057797273
28640,False,1000,20,uniform,1,500,0,0.1,3,2,1439.5570350350447,15.0,22.64241383045012,0.6605621391039136
7876,False,1000,20,1.1,1,500,0,0.0001,1.1,1740,440.82596756194516,15.05,8.774308288459697,1.7048921364607559
6643,False,1000,20,1.1,1,500,0,0.001,1.1,1349,582.4938860199544,14.95,7.5602502833221665,1.9717346071301027
9561,False,1000,20,1.1,1,500,0,0.0001,2,2117,1062.3878516206216,15.0,9.917813600475135,1.5080325892600392
8060,False,1000,20,1.1,1,500,0,0.001,straight,1536,-3099449998811.542,15.0,9.01124238060102,1.6593001782414216
58257,False,1000,20,uniform,1,500,0,0.001,3,4301,966.1428021189095,15.0,47.13026179236596,0.3172245782788697
53289,False,1000,20,uniform,1,500,0,0.005,3,2996,935.2620886807766,15.0,43.12555789067572,0.3467809403656681
6032,False,1000,20,1.1,1,500,0,0.005,straight,1158,-2831099998494.045,15.0,6.990972647454674,2.1393424187382815
4988,False,1000,20,1.1,1,500,0,0.005,1.1,1008,738.945155347126,15.0,5.9195419987362605,2.5289922949619235
27972,False,1000,20,uniform,1,500,0,1,3,0,1450.6830717515138,15.0,22.113580783730335,0.6760219800015876
10734,False,1000,20,1.1,1,500,0,0.001,2,2136,985.434521455361,15.0,11.026095876148789,1.3562630608782245
6889,False,1000,20,1.1,1,500,0,0.01,straight,289,-5059499997282.376,15.0,7.86808162241352,1.9010800994484327
7320,False,1000,20,1.1,1,500,0,0.01,1.1,322,34.83480215213985,15.0,8.259892865641904,1.810940372098195
10638,False,1000,20,1.1,1,500,0,0.005,2,1148,735.2945127607325,15.0,10.98958272584721,1.36157976127514
23589,False,1000,20,1.1,1,500,0,0,3,3066,1277.9460286268902,15.0,19.796640320173516,0.7555611048947042
8008,False,1000,20,1.1,1,500,0,0.01,2,532,1015.2500623130175,15.0,8.44517323518591,1.7717815234689727
11553,False,1000,20,1.1,1,500,0,0.01,3,1040,1349.53185606128,15.0,10.09600551799553,1.482349961533065
10309,False,1000,20,1.1,1,500,0,0.05,straight,8,-10271499989567.426,15.0,11.292883906469797,1.324145078888589
8997,False,1000,20,1.1,1,500,0,0.05,1.1,14,-691.6562293669554,15.0,9.929897070208577,1.5062862597606284
9864,False,1000,20,1.1,1,500,0,0.1,straight,2,-9846599991328.184,15.0,10.847976282101431,1.3784207220185754
12387,False,1000,20,1.1,1,500,0,0.05,2,16,874.9645286638054,15.0,12.32382922572967,1.2135326582625612
28627,False,1000,20,1.1,1,500,0,0.001,3,3067,1077.5998595370909,15.0,23.820852934584796,0.6280057153958089
55051,False,1000,20,uniform,1,500,0,0.1,random,2,1499.799632878426,15.0,56.034950499110266,0.2668070747110073
32346,False,1000,20,1.1,1,500,0,0.0001,3,2815,1018.9653585789413,15.0,26.612571116818344,0.5619727441579111
9913,False,1000,20,1.1,1,500,0,0.1,1.1,4,-840.3639223974811,15.0,10.8432547799455,1.3791956836133092
68436,False,1000,20,uniform,1,500,0,0.01,random,1016,1193.7948467439219,15.0,69.39569332981203,0.21543733986598346
10475,False,1000,20,1.1,1,500,0,0.1,2,4,859.8823331359841,15.0,10.611896904647276,1.4093088082229674
61996,False,1000,20,uniform,1,500,0,0.05,random,11,1499.0097307378828,15.0,62.979707509593595,0.23738693134580532
245456,False,1000,10,3,1,500,0,0.001,random,522,2760.2012963069265,30.0,246.39938782839423,0.12135300877803012
2739,False,1000,20,2,1,500,0,0,straight,1066,-1019949998632.734,15.1,3.6997226707129593,4.046838213253019
3768,False,1000,20,2,1,500,0,0,1.1,1139,1007.1021989480539,15.0,4.704673258766066,3.185181847109186
53843,False,1000,20,uniform,1,500,0,1,random,0,1500.0,15.0,54.826999999962915,0.27268753397645745
3658,False,1000,20,2,1,500,0,0,2,1500,1282.2177483734927,15.0,4.40924015897528,3.3982168587957817
9300,False,1000,20,1.1,1,500,0,1,straight,0,-9284049991901.266,14.95,10.284049999999741,1.4492048015224879
21340,False,1000,20,1.1,1,500,0,0.05,3,16,1443.3252427789178,15.0,17.1466235608501,0.8713931380338538
1966,False,1000,20,2,1,500,0,0.0001,straight,845,-785749998541.0254,15.0,2.9310670230363804,5.111238515508696
3222,False,1000,20,2,1,500,0,0.0001,2,1341,1303.9981485267579,15.2,4.009601268405956,3.737957889895481
3417,False,1000,20,2,1,500,0,0.0001,1.1,884,906.392704849545,15.0,4.364738303796609,3.443045847306041
10425,False,1000,20,1.1,1,500,0,1,1.1,0,-1045.604842883604,15.0,11.353476606095048,1.3172606053813172
37888,False,1000,20,1.1,1,500,0,0.001,random,3265,1330.779420070515,15.0,38.79355361204963,0.3854017880203406
11286,False,1000,20,1.1,1,500,0,1,2,0,817.7419590693994,15.0,11.33869041591836,1.3194441389570426
2314,False,1000,20,2,1,500,0,0.001,1.1,551,1138.5195972832676,15.05,3.2759382168896445,4.5756564469025935
1133,False,1000,20,2,1,500,0,0.005,straight,428,-402349998593.8197,15.0,2.109096721263783,7.139668361814754
5049,False,1000,20,2,1,500,0,0.001,straight,844,-2175399998545.257,14.95,6.015035586080204,2.4803912104587793
32821,False,1000,20,1.1,1,500,0,0.01,random,1572,1331.3286080909052,15.0,33.76684307187207,0.44279844668927204
3242,False,1000,20,2,1,500,0,0.005,1.1,550,892.3955293176552,15.0,4.198865991921167,3.569142388630616
5841,False,1000,20,2,1,500,0,0.001,2,864,1023.9898335439326,15.0,6.468600082629807,2.3167352710979934
3296,False,1000,20,2,1,500,0,0.005,2,613,1218.7768350434421,15.0,4.103867851135158,3.6453428404107333
23226,False,1000,20,1.1,1,500,0,0.1,3,1,1450.743792256301,15.0,18.544417610138886,0.805850076039469
13941,False,1000,20,2,1,500,0,0,3,1582,1324.9075364924943,15.0,11.902963169705668,1.2585774040065039
1414,False,1000,20,2,1,500,0,0.01,2,389,1381.5010845113716,14.95,2.3097489121825467,6.4760555838741
2423,False,1000,20,2,1,500,0,0.01,straight,533,-1390199998328.3306,15.0,3.3955802223053175,4.4139355949101144
42189,False,1000,20,1.1,1,500,0,0.005,3,2083,978.9467638769032,15.0,34.18041994592959,0.4375194808583406
2960,False,1000,20,2,1,500,0,0.01,1.1,353,864.6586047989151,15.0,3.9222251835682878,3.8292019264300174
2579,False,1000,20,2,1,500,0,0.01,3,530,1432.2661144740491,15.0,3.0977362199949097,4.835155248751363
11210,False,1000,20,2,1,500,0,0.005,3,1593,1248.9034279212979,15.0,9.896524259293354,1.50734702265809
12796,False,1000,20,2,1,500,0,0.001,random,1101,1372.3849507613727,15.0,13.754382848855021,1.0876373256223115
9060,False,1000,20,2,1,500,0,0.05,1.1,12,-596.3174287247613,15.0,9.998970113645854,1.4966679838541375
9003,False,1000,20,2,1,500,0,0.05,2,57,927.6460941829691,15.0,9.282010624150526,1.6171723173035826
10322,False,1000,20,2,1,500,0,0.05,straight,1,-10304499982462.49,15.0,11.305999999999173,1.323443034591174
15158,False,1000,20,2,1,500,0,0.005,random,1509,1374.1520357502618,15.0,16.104445290010588,0.9286701737112413
22752,False,1000,20,2,1,500,0,0.0001,3,1607,1225.876726853381,15.0,18.664364736134694,0.8023702866741231
9490,False,1000,20,2,1,500,0,0.1,1.1,1,-750.3012810853985,15.0,10.42676083718695,1.4358799020981643
10212,False,1000,20,2,1,500,0,0.1,straight,2,-10193799985148.215,15.0,11.195938751354413,1.3362028713218994
35079,False,1000,20,1.1,1,500,0,1,3,0,1430.3910423433808,15.0,27.517725274304002,0.5434462240008591
24307,False,1000,20,2,1,500,0,0.001,3,1657,1220.3883701617463,15.0,19.835532228276016,0.7537627719519087
10109,False,1000,20,2,1,500,0,0.1,2,4,839.1335915202446,15.0,10.290465403903609,1.4535846735735374
1062,False,1000,20,3,1,500,0,0,straight,654,-525199998523.4418,15.0,2.0309785898667188,7.4550164856001775
11486,False,1000,20,2,1,500,0,1,straight,0,-11469999977050.78,15.0,12.469999999998528,1.2000823494636346
5265,False,1000,20,3,1,500,0,0,1.1,353,379.73911070596375,15.0,6.218072759846304,2.4033140531805453
8726,False,1000,20,2,1,500,0,1,2,1,934.6223234955462,15.0,9.035412679337696,1.662896576874656
6057,False,1000,20,3,1,500,0,0,2,639,897.7878526480338,15.0,6.692572684407314,2.232157140733762
2131,False,1000,20,3,1,500,0,0,random,265,1394.7057652094688,15.0,3.111009042093098,4.84355421210674
119151,False,1000,20,uniform,1,500,0,0.005,random,3666,1121.87725834181,15.0,120.04542960690648,0.1245381232143109
1816,False,1000,20,3,1,500,0,0.0001,1.1,375,1129.015745149879,15.0,2.7848084943621934,5.438742405823843
19080,False,1000,20,2,1,500,0,0.1,3,0,1459.368086528505,15.0,15.410374026037989,0.9722279072361977
2913,False,1000,20,3,1,500,0,0.0001,straight,465,-1263649998602.5056,15.0,3.8881729415282016,3.8644205148825153
16989,False,1000,20,2,1,500,0,1,1.1,0,-2577.481697476155,15.0,17.891869218539732,0.836077924391317
29105,False,1000,20,2,1,500,0,0.05,3,13,1436.8193952910792,15.0,22.99066124597494,0.6486439158123687
3590,False,1000,20,3,1,500,0,0.0001,2,306,1090.8546753689718,15.0,4.385108818583147,3.4172954417109707
140158,False,1000,20,uniform,1,500,0,0,random,4844,1180.2868919254229,15.0,141.02106951363263,0.10601374363412272
52432,False,1000,20,1.1,1,500,0,0.1,random,2,1499.9616514447484,15.0,53.415979957265144,0.2799469813374997
3576,False,1000,20,3,1,500,0,0.001,straight,407,-1976599998321.1804,15.0,4.551345620607385,3.2910165821389192
3563,False,1000,20,3,1,500,0,0.001,1.1,490,747.5792672106876,15.0,4.5227115699401255,3.321869507859944
5727,False,1000,20,3,1,500,0,0.0001,3,1148,1382.1821916415242,15.0,5.488905551755353,2.735899917723184
3178,False,1000,20,3,1,500,0,0.005,straight,544,-1791999998200.054,15.0,4.15042022826276,3.61101267479728
3562,False,1000,20,3,1,500,0,0.005,1.1,452,843.8700874526378,15.0,4.520234610334164,3.3184149634251994
139712,False,1000,20,uniform,1,500,0,0.0001,random,4848,1247.8872636928504,15.0,140.57773782267276,0.10634785253931467
8459,False,1000,20,3,1,500,0,0.001,2,634,772.3752682286763,15.0,8.910717781105214,1.6828213874567404
2328,False,1000,20,3,1,500,0,0.01,1.1,296,974.0296100675077,15.0,3.2940351356017956,4.579096227542619
51196,False,1000,20,2,1,500,0,0,random,943,1369.6801899004556,15.0,52.15910742127693,0.28669925282230274
6289,False,1000,20,3,1,500,0,0.005,2,471,1049.3350649491051,15.05,6.837002329522482,2.1809855294280602
22203,False,1000,20,2,1,500,0,1,3,0,1460.6384186760297,15.0,17.76372412895696,0.8417598602692291
56252,False,1000,20,1.1,1,500,0,1,random,0,1500.0,15.0,57.235999999957315,0.2612271692621046
94197,False,1000,20,1.1,1,500,0,0,random,4024,1257.7382921472326,15.0,95.08427663272639,0.15723202753601023
4826,False,1000,20,3,1,500,0,0.01,2,278,1170.3848619237638,15.0,5.463072165331906,2.7488351737933976
7691,False,1000,20,3,1,500,0,0.01,straight,249,-6629949992157.431,15.0,8.669873954231388,1.7283594716251613
51960,False,1000,20,2,1,500,0,0.0001,random,1270,1232.1258377958518,15.0,52.91403205209408,0.28259900917842823
19352,False,1000,20,3,1,500,0,0,3,763,1268.128922677502,15.0,15.87059804407512,0.9454106389713288
142481,False,1000,20,uniform,1,500,0,0.001,random,4579,1131.5009945613888,15.0,143.35281017252103,0.10428908059868984
7195,False,1000,20,3,1,500,0,0.05,straight,34,-7169299982739.458,15.0,8.178537828741707,1.8410709177751492
43706,False,1000,20,2,1,500,0,0.05,random,28,1499.8381608625216,15.0,44.68942825112983,0.33490264960633576
11458,False,1000,20,3,1,500,0,0.05,1.1,27,-1170.533671921685,15.0,12.385789680914451,1.207945235830016
12101,False,1000,20,3,1,500,0,0.01,random,416,1378.9842984119973,15.0,13.075156716086425,1.1416044625465516
100904,False,1000,20,1.1,1,500,0,0.0001,random,3548,1204.78792365487,15.0,101.80133324072303,0.1468579406381143
14394,False,1000,20,3,1,500,0,0.05,2,11,585.0996878288578,15.0,14.251644198342245,1.05064444870339
84475,False,1000,20,1.1,1,500,0,0.05,random,6,1499.6734871812587,15.0,85.45888531886665,0.1749470431615972
12313,False,1000,20,3,1,500,0,0.1,1.1,3,-1411.6944486207278,15.0,13.238208835949157,1.1303636763118803
16610,False,1000,20,3,1,500,0,0.01,3,340,1356.2085754684358,15.0,13.72143626483905,1.0882345043404
14225,False,1000,20,3,1,500,0,0.1,2,4,617.7055810578594,14.95,14.090963139022127,1.0583464422086948
16491,False,1000,20,3,1,500,0,0.1,straight,0,-16474999942862.887,15.0,17.474999999998374,0.8559094985766474
13757,False,1000,20,3,1,500,0,1,1.1,0,-1775.4858566641208,15.0,14.675303048299662,1.0207111793500938
15981,False,1000,20,3,1,500,0,1,straight,0,-15964999949211.318,15.0,16.96499999999775,0.8815746772259256
104773,False,1000,20,1.1,1,500,0,0.005,random,3012,1239.2365023178013,15.0,105.68294744303219,0.1414650448444818
25034,False,1000,20,3,1,500,0,0.05,random,9,1489.9132693643455,14.9,26.017829772892817,0.5725685355022586
34166,False,1000,20,3,1,500,0,0.005,3,716,1191.4184494961219,15.0,27.18512419225187,0.5517838719187621
58842,False,1000,20,2,1,500,0,0.1,random,8,1499.9027664488933,15.0,59.825867978890244,0.2500025750297382
18555,False,1000,20,3,1,500,0,1,2,0,260.22465465572657,15.0,18.087925689750953,0.8282940561193897
34943,False,1000,20,3,1,500,0,0.05,3,49,1415.3652096481107,15.0,27.449251150116037,0.5448223047961425
76690,False,1000,20,2,1,500,0,0.01,random,714,1380.7402370517254,15.0,77.65795760397219,0.19189106212887347
36067,False,1000,20,3,1,500,0,0.1,3,8,1435.9407608198267,15.0,28.2301612607884,0.5299619452934794
50389,False,1000,20,3,1,500,0,0.005,random,820,1336.3015544068153,15.0,51.353889902044685,0.2911953166499325
57098,False,1000,20,3,1,500,0,0.001,3,683,1125.5591782406811,15.15,44.59190412328428,0.3351429202968903
42648,False,1000,20,3,1,500,0,0.1,random,0,1500.0,15.0,43.63199999998902,0.34329494458648246
40808,False,1000,20,3,1,500,0,1,3,0,1389.2182798370732,15.0,31.86068370045952,0.46887242551034036
43267,False,1000,20,3,1,500,0,1,random,0,1500.0,15.0,44.25099999998757,0.338653674925026
104045,False,1000,20,2,1,500,0,1,random,0,1500.0,15.0,105.02900000013744,0.14239073303562508
110088,False,1000,20,3,1,500,0,0.0001,random,604,1288.7898576853163,15.0,111.05718632985142,0.13418673014217314
116393,False,1000,20,3,1,500,0,0.001,random,862,1165.7551776488976,15.0,117.35716324658763,0.12740301718325203
