18271,False,1000,10,uniform,1,500,0,0.01,straight,104,-16670899989631.312,30.0,19.235860053505768,1.5544860135924639
18494,False,1000,10,uniform,1,500,0,0.01,1.1,141,-1041.9871179591676,30.0,19.3554870262238,1.5449356854754999
18872,False,1000,10,uniform,1,500,0,0.005,straight,297,-13473199994173.123,30.0,19.83071872938135,1.507876806154599
20501,False,1000,10,uniform,1,500,0,0.005,1.1,386,-1407.982622338869,30.0,21.35852521492614,1.4000658224642069
22077,False,1000,10,uniform,1,500,0,0.001,straight,893,-9027699997939.848,30.0,23.010966075742786,1.299490155306064
22155,False,1000,10,uniform,1,500,0,0.001,1.1,1001,-771.5207281705738,30.0,22.975114650353053,1.3014914185756694
22705,False,1000,10,uniform,1,500,0,0,straight,1079,-8760099998148.706,30.0,23.629312099674383,1.2654866791514043
22966,False,1000,10,uniform,1,500,0,0.0001,straight,1135,-9743299997858.45,30.0,23.88526488397849,1.2518728088797535
23903,False,1000,10,uniform,1,500,0,0.005,2,649,1298.8657941441904,30.0,23.315033053028422,1.2827745181364687
24242,False,1000,10,uniform,1,500,0,0,1.1,1233,-758.8064048592283,30.0,25.03675738893083,1.1943176383990843
26634,False,1000,10,uniform,1,500,0,0.0001,1.1,1284,-1415.4360595439816,30.0,27.41453386257902,1.0907126496201314
26568,False,1000,10,uniform,1,500,0,0.01,2,204,1539.2137570476325,30.0,25.42463254027084,1.1763220663649894
33437,False,1000,10,uniform,1,500,0,0.001,2,1519,1188.7446874286602,30.0,32.24797569769801,0.9271284439299905
34362,False,1000,10,uniform,1,500,0,0.0001,2,1633,1175.0371382532467,30.0,33.02518548094068,0.9054260359400326
18155,False,1000,10,uniform,1,500,0,0.05,straight,4,-18110099987457.47,30.0,19.12376940112434,1.5636644546989922
35756,False,1000,10,uniform,1,500,0,0,2,1645,1179.2285029099035,30.0,34.40214405382228,0.8692275569235868
19444,False,1000,10,uniform,1,500,0,0.05,1.1,8,-1593.206430191861,30.0,20.30036362636735,1.4730284908986884
17996,False,1000,10,uniform,1,500,0,0.1,straight,0,-17964999987253.664,30.0,18.965000000000195,1.5766980634487415
19011,False,1000,10,uniform,1,500,0,0.1,1.1,1,-1387.3602171243265,30.0,19.86895889299206,1.505058727804025
23910,False,1000,10,uniform,1,500,0,0.05,2,6,1708.5685018289314,30.0,22.88535975232888,1.3068772386121021
22586,False,1000,10,uniform,1,500,0,0.1,2,3,1799.421983744327,30.0,21.654022621457607,1.3806453572987163
19985,False,1000,10,uniform,1,500,0,1,straight,0,-19953999985165.094,30.0,20.95400000000263,1.4270418460776173
10012,False,1000,10,1.1,1,500,0,0,straight,989,-4452099997222.35,30.0,10.938668338807085,2.7338506223182333
20975,False,1000,10,uniform,1,500,0,1,1.1,0,-1898.0102697907726,30.0,21.831798506119675,1.3697469241604807
13223,False,1000,10,1.1,1,500,0,0,1.1,1044,1003.0344171716308,30.0,14.071032916304896,2.125240357694951
23005,False,1000,10,uniform,1,500,0,1,2,0,1714.0255862117906,30.0,22.045192514168093,1.3569270369713433
11834,False,1000,10,1.1,1,500,0,0.0001,straight,786,-5032299997432.591,30.0,12.773124142398487,2.3415356258033633
17569,False,1000,10,1.1,1,500,0,0,2,1221,2040.8235414234969,30.0,17.374561506477246,1.722035941808727
15307,False,1000,10,1.1,1,500,0,0.0001,1.1,1085,703.1117329886085,30.0,16.14645087236418,1.8519496006122425
67442,False,1000,10,uniform,1,500,0,0.01,3,564,2550.3631400257136,30.0,52.89772975427114,0.565345903277468
70531,False,1000,10,uniform,1,500,0,0.005,3,1445,2274.890439693619,30.0,56.25051752361246,0.5317168637668528
17444,False,1000,10,1.1,1,500,0,0.0001,2,1146,1921.9169282935818,30.0,17.335225238019426,1.724959085347982
11282,False,1000,10,1.1,1,500,0,0.001,1.1,946,1435.810327470142,30.0,12.145634630815902,2.4621127956037996
14595,False,1000,10,1.1,1,500,0,0.001,straight,890,-6672399997257.257,30.0,15.527390233410642,1.9258398393278788
57130,False,1000,10,uniform,1,500,0,0.05,3,6,2887.5202306817814,30.0,44.1723148952545,0.6768223310618598
18564,False,1000,10,1.1,1,500,0,0.001,2,1046,1669.8343134236025,30.0,18.420445854167262,1.62291707546397
9856,False,1000,10,1.1,1,500,0,0.005,1.1,610,1263.4039220220322,30.0,10.749460685203044,2.7824962878446526
10952,False,1000,10,1.1,1,500,0,0.005,straight,421,-6360099996325.838,30.0,11.90652339002692,2.5118653686374346
81916,False,1000,10,uniform,1,500,0,0.0001,3,2151,2349.71421862417,30.0,65.11935763161162,0.4592282955818547
38997,False,1000,10,1.1,1,500,0,0,3,1619,2693.861913194976,30.0,31.54200418303755,0.948200076358763
58899,False,1000,10,uniform,1,500,0,0.1,3,0,2882.3299290964305,30.0,45.474619539844824,0.6573001692273464
85977,False,1000,10,uniform,1,500,0,0.001,3,1974,2357.335977620226,30.0,68.3137240369868,0.4377529683215956
14330,False,1000,10,1.1,1,500,0,0.005,2,546,1969.048933610263,30.0,14.411851756979392,2.0741452798464115
86912,False,1000,10,uniform,1,500,0,0,3,2135,2173.380640986132,30.0,69.21544000337775,0.43203280590156057
52720,False,1000,10,uniform,1,500,0,1,3,0,2886.3025462332703,30.0,40.86951605294533,0.7316617685379565
14856,False,1000,10,1.1,1,500,0,0.01,straight,113,-13188999991089.926,30.0,15.821007858874022,1.8904808822607901
18632,False,1000,10,1.1,1,500,0,0.01,1.1,159,-1010.7156681013081,30.0,19.49348370869955,1.534005353099022
18463,False,1000,10,1.1,1,500,0,0.01,2,309,1873.425124540577,30.0,18.043186327623022,1.6564871386190514
35595,False,1000,10,1.1,1,500,0,0.001,3,1393,2613.4918487448094,30.0,28.98920003134832,1.032094936004628
20690,False,1000,10,1.1,1,500,0,0.05,straight,6,-20629899981032.48,30.0,21.65886677444833,1.3805973126032003
17943,False,1000,10,1.1,1,500,0,0.05,1.1,5,-1248.7302976944623,30.0,18.8085699133883,1.590035301413447
19546,False,1000,10,1.1,1,500,0,0.05,2,11,2045.657475143384,30.0,18.857770192710174,1.58789613465801
56752,False,1000,10,1.1,1,500,0,0.0001,3,1781,2656.2149038988023,30.0,45.09535198950515,0.6633461801068075
18790,False,1000,10,1.1,1,500,0,0.1,1.1,3,-1576.577333843468,30.0,19.653217301536085,1.5216061274707298
20948,False,1000,10,1.1,1,500,0,0.1,straight,3,-20912899978779.062,30.0,21.916847723916973,1.3643573417252024
19323,False,1000,10,1.1,1,500,0,1,straight,0,-19291999979204.457,30.0,20.292000000001817,1.4737005409325352
24548,False,1000,10,1.1,1,500,0,0.1,2,0,1672.9799699476384,30.0,23.526924279641204,1.2718294409169018
50016,False,1000,10,1.1,1,500,0,0.005,3,1190,2531.5574408968537,30.1,39.97864045452434,0.7481353326319781
18469,False,1000,10,1.1,1,500,0,1,1.1,0,-1591.743393109199,30.0,19.337734139212277,1.5464775847204872
5060,False,1000,10,2,1,500,0,0,straight,626,-2355599997042.2886,30.0,6.003518018563627,4.983167246147746
50172,False,1000,10,1.1,1,500,0,0.01,random,517,2744.2037262649706,30.0,51.11829515385982,0.5849697379823897
46479,False,1000,10,1.1,1,500,0,0.05,3,2,2905.348439595633,30.0,36.08388370025354,0.8283412884410104
4727,False,1000,10,2,1,500,0,0,2,643,2569.7862784019076,30.1,5.436865987664156,5.496187265493231
53528,False,1000,10,1.1,1,500,0,0.01,3,775,2600.0876246941516,30.0,42.39841701034736,0.705402303380545
8868,False,1000,10,2,1,500,0,0,1.1,548,1406.7107426951118,30.0,9.772918509285756,3.061116382134581
5222,False,1000,10,2,1,500,0,0.0001,straight,458,-2654799996989.808,30.0,6.175341874529883,4.847722342443679
116649,False,1000,10,uniform,1,500,0,0.1,random,0,3000.0,30.0,117.61800000019755,0.25421789471370004
23653,False,1000,10,1.1,1,500,0,1,2,0,1574.3730658487377,30.0,22.721107285173765,1.3161686240674142
5349,False,1000,10,2,1,500,0,0.0001,2,471,2570.0400396116265,30.0,6.003321761068692,4.9823314429620815
12519,False,1000,10,2,1,500,0,0,3,900,2828.804039202192,30.0,10.813862138561356,2.7616672250062537
9854,False,1000,10,2,1,500,0,0.0001,1.1,524,923.1939875943999,30.0,10.758255594543936,2.7805055480164245
4288,False,1000,10,2,1,500,0,0.001,straight,600,-2111999996853.2156,30.0,5.232352450316762,5.71691834745233
7121,False,1000,10,2,1,500,0,0.001,1.1,438,1573.0743604442841,30.1,8.042670291822358,3.7204267075255872
3878,False,1000,10,2,1,500,0,0.005,straight,471,-2401499996336.452,30.0,4.827985312792932,6.208323727260246
92771,False,1000,10,1.1,1,500,0,0.0001,random,1798,2708.4020607871357,30.0,93.65253559891173,0.3192704886979613
9118,False,1000,10,2,1,500,0,0.001,2,604,2377.379942536213,30.0,9.468933214473621,3.161864135720026
3725,False,1000,10,2,1,500,0,0.005,1.1,631,2258.853224527117,30.0,4.649279306895119,6.437288025911942
4523,False,1000,10,2,1,500,0,0.005,2,535,2675.1597149819345,30.0,5.1778334682213,5.788372034724263
117460,False,1000,10,uniform,1,500,0,1,random,0,3000.0,30.0,118.42900000020143,0.25248080313019117
139304,False,1000,10,uniform,1,500,0,0.01,random,608,2717.602347749034,30.0,140.24349177758054,0.21320444799123472
4787,False,1000,10,2,1,500,0,0.01,1.1,244,1996.269784599687,30.0,5.7218913047048146,5.247998401823891
158425,False,1000,10,uniform,1,500,0,0.005,random,1772,2554.076070251493,30.0,159.31082793310037,0.1876853304667176
8167,False,1000,10,2,1,500,0,0.01,straight,119,-7100399991431.162,30.0,9.132063291482826,3.283150378136907
137333,False,1000,10,uniform,1,500,0,0.05,random,3,2999.6481612255184,30.0,138.30186446565375,0.21619782337058457
7463,False,1000,10,2,1,500,0,0.01,2,434,2508.8471759948106,30.0,7.900916295689624,3.7835285991280942
19842,False,1000,10,2,1,500,0,0.001,3,1045,2836.8926575075116,30.0,16.28433398045592,1.8382714149060568
61852,False,1000,10,1.1,1,500,0,0.1,3,1,2833.9480715800964,30.0,47.7321472125555,0.626327303438903
20034,False,1000,10,2,1,500,0,0.005,3,906,2847.9102301066114,30.1,16.47521402247552,1.8153853388626486
52584,False,1000,10,1.1,1,500,0,1,3,0,2910.598736855146,30.0,40.666052439936855,0.7344314586335636
179691,False,1000,10,uniform,1,500,0,0,random,2410,2723.990529422393,30.0,180.5439464170732,0.16561218262811558
25027,False,1000,10,2,1,500,0,0.01,3,428,2783.2684244303027,30.0,20.13825992259562,1.486294097874515
23682,False,1000,10,2,1,500,0,0.05,straight,3,-23642199944711.746,30.0,24.650901977678963,1.21340513091439
183395,False,1000,10,uniform,1,500,0,0.001,random,2291,2653.1684059392082,30.0,184.25047232768108,0.16228014864780524
31526,False,1000,10,2,1,500,0,0.005,random,900,2856.8722666481813,30.0,32.45265324692449,0.9214616500436952
17974,False,1000,10,2,1,500,0,0.1,1.1,0,-1165.2061401622166,30.0,18.848195890838465,1.5871101806426358
27099,False,1000,10,2,1,500,0,0.05,2,1,1367.2785216947816,30.0,25.868833097606387,1.156442114192088
31565,False,1000,10,2,1,500,0,0.05,1.1,7,-4619.976702202037,30.0,32.383343980575106,0.9235977158870359
25574,False,1000,10,2,1,500,0,0.1,straight,1,-25541399944280.21,30.0,26.543000000009453,1.126752681697272
5303,False,1000,10,3,1,500,0,0,1.1,428,1934.1080912092068,30.0,6.224832549581047,4.817709395367962
5574,False,1000,10,3,1,500,0,0,straight,342,-3429299996104.616,30.0,6.528727598604382,4.584296875975565
17003,False,1000,10,2,1,500,0,1,2,0,1926.7889276404912,30.0,16.593410257273625,1.813362514408555
158619,False,1000,10,1.1,1,500,0,0,random,1893,2700.5252523223467,30.0,159.4966376953672,0.1874667642381903
6385,False,1000,10,3,1,500,0,0,2,279,2352.154841977711,30.0,6.990128263892641,4.295175924660924
30756,False,1000,10,2,1,500,0,0.1,2,0,1131.2627923698585,30.0,29.270691941348083,1.0202414519632215
22015,False,1000,10,2,1,500,0,1,1.1,0,-2031.127899178494,30.0,22.87017217943376,1.3076746394100947
2848,False,1000,10,3,1,500,0,0.0001,1.1,336,2311.313582756441,30.2,3.792785865620729,7.931004521244996
3358,False,1000,10,3,1,500,0,0.0001,2,334,2620.848419320443,30.1,4.139169303367177,7.270869136803123
67581,False,1000,10,2,1,500,0,0.001,random,1064,2848.5025297127413,30.0,68.4994640716029,0.4365257366686988
209473,False,1000,10,uniform,1,500,0,0.0001,random,2366,2656.5609957298543,30.0,210.32539837821827,0.14216181626531904
29741,False,1000,10,2,1,500,0,1,straight,0,-29709999935039.6,30.0,30.71000000001455,0.973812106148322
11252,False,1000,10,3,1,500,0,0.0001,straight,330,-6429999994861.4795,30.1,12.208039506422235,2.449912049571213
7584,False,1000,10,3,1,500,0,0.001,straight,255,-4073999996519.9365,30.0,8.544095504400532,3.5046146216064065
5717,False,1000,10,3,1,500,0,0.001,1.1,300,1756.8899270915492,30.0,6.6458045412577835,4.521694144513377
20055,False,1000,10,3,1,500,0,0,3,465,2808.445414322024,30.0,16.373937283047763,1.8310599542885733
6776,False,1000,10,3,1,500,0,0.001,2,304,2277.803321766736,30.0,7.363072353254478,4.053765630068359
4064,False,1000,10,3,1,500,0,0.005,1.1,325,2176.3470124553132,30.0,5.0003984046704435,5.99335471694072
116080,False,1000,10,1.1,1,500,0,0.1,random,0,3000.0,30.0,117.04900000019484,0.2554650865956737
89318,False,1000,10,2,1,500,0,0,random,988,2830.8752507854447,30.1,90.24055486786831,0.33135148367230405
8022,False,1000,10,3,1,500,0,0.005,straight,229,-5261399994067.748,30.0,8.981227712961317,3.3338330057255248
5611,False,1000,10,3,1,500,0,0.005,2,365,2527.6653425149175,30.1,6.230991813668434,4.832700236729609
37674,False,1000,10,2,1,500,0,1,3,0,2936.341996592032,30.0,29.426966020645487,1.0152387445083548
144351,False,1000,10,1.1,1,500,0,0.005,random,1455,2649.0823641483516,30.0,145.25037790788994,0.20585531571029353
17350,False,1000,10,3,1,500,0,0.001,3,512,2771.864454892596,30.0,14.3817337175566,2.080698741267098
72064,False,1000,10,2,1,500,0,0.01,random,556,2890.9886848418555,30.0,73.00553743259083,0.4096808746605702
7127,False,1000,10,3,1,500,0,0.01,2,239,2507.0986860300145,30.1,7.555383447703306,3.9828736198356216
52390,False,1000,10,2,1,500,0,0.1,3,0,2889.2139938102255,30.0,40.58229325854158,0.7363843762361135
94985,False,1000,10,2,1,500,0,0.0001,3,997,2394.3141144400283,30.1,73.66820826092925,0.4058301544782478
13763,False,1000,10,3,1,500,0,0.005,3,338,2880.1555288297686,30.1,11.511054723131945,2.5994804113463856
13550,False,1000,10,3,1,500,0,0.01,1.1,167,31.91260142521171,30.0,14.445304430663423,2.073043227943164
16973,False,1000,10,3,1,500,0,0.01,3,347,2845.7220318698555,30.0,14.040745369813518,2.1289881537644937
20953,False,1000,10,3,1,500,0,0.01,straight,52,-19826699946446.04,30.0,21.92002123727483,1.364732658044569
18474,False,1000,10,3,1,500,0,0.05,2,48,1762.6541373568896,30.0,18.005107070987883,1.6726431414365954
88138,False,1000,10,2,1,500,0,0.05,random,24,2999.4424222733805,30.0,89.10588853738042,0.33580652543077855
181572,False,1000,10,1.1,1,500,0,0.001,random,1877,2716.722932338952,30.0,182.45113317757531,0.1638817964199604
125891,False,1000,10,1.1,1,500,0,1,random,0,3000.0,30.0,126.86000000024168,0.23570768243234536
50209,False,1000,10,3,1,500,0,0.0001,3,290,2546.249519151136,30.0,39.34434039785066,0.7608481027949124
65555,False,1000,10,2,1,500,0,1,random,0,3000.0,30.0,66.52399999995359,0.4497999513682799
29274,False,1000,10,3,1,500,0,0.1,2,2,801.3860208340537,30.0,27.983299784740467,1.0729075412101285
168999,False,1000,10,1.1,1,500,0,0.05,random,7,2999.1911313167047,30.0,169.96770536433496,0.17592849413932093
41858,False,1000,10,3,1,500,0,0.05,straight,1,-41818699808095.03,30.0,42.82699162353153,0.6983527549995289
62201,False,1000,10,3,1,500,0,0.0001,random,412,2843.9536641153254,30.2,63.15099288812386,0.47207226610571584
108484,False,1000,10,2,1,500,0,0.05,3,16,2751.6877842308286,30.0,82.99791207093824,0.3601037673886796
20215,False,1000,10,3,1,500,0,1,2,0,1804.2452482756494,30.0,19.575111708915365,1.5291815009893504
40830,False,1000,10,3,1,500,0,0.1,straight,1,-40792999832061.11,30.0,41.798968017406985,0.7130542841587173
46513,False,1000,10,3,1,500,0,0.05,1.1,1,-8213.580848270587,30.0,47.25545340148449,0.6328255673035887
55437,False,1000,10,3,1,500,0,0.005,random,342,2833.6040369798798,30.0,56.38877572594229,0.5305281655581082
37783,False,1000,10,3,1,500,0,0.1,3,7,2933.294418101235,30.0,29.513950354877903,1.0126677492148854
97305,False,1000,10,2,1,500,0,0.1,random,0,3000.0,30.0,98.27400000010519,0.3043333631400602
44410,False,1000,10,3,1,500,0,0.1,1.1,0,-7541.856267750498,30.0,45.17094009223732,0.6621598891844489
27040,False,1000,10,3,1,500,0,1,3,0,2945.70149170395,30.0,21.39191441010874,1.4000494511192556
13467,False,1000,20,uniform,1,500,0,0,straight,2063,-4893149998992.094,15.0,14.403979631454828,1.0380312031597538
38297,False,1000,10,3,1,500,0,1,straight,0,-38265999836746.8,30.0,39.26599999999918,0.7616879387408437
43415,False,1000,10,3,1,500,0,1,1.1,0,-7001.4872643098915,30.0,44.16728471591138,0.6774012188705407
96241,False,1000,10,3,1,500,0,0,random,453,2866.9836300913657,30.0,97.18867823417375,0.30665642621599876
13974,False,1000,20,uniform,1,500,0,0.0001,straight,2098,-5467399998963.83,15.0,14.910473157332216,1.002749267751495
161079,False,1000,10,2,1,500,0,0.0001,random,1112,2667.283083003912,30.2,161.9930137693898,0.1845784999569347
69631,False,1000,10,3,1,500,0,0.05,3,29,2838.949924806288,30.0,53.65103676582335,0.5580319035209332
18612,False,1000,20,uniform,1,500,0,0,1.1,2608,-1037.6066377431905,15.0,19.431487425217195,0.7694304288028173
12967,False,1000,20,uniform,1,500,0,0.001,straight,1857,-5136899999014.033,15.0,13.908963262811534,1.0749137469434795
16311,False,1000,20,uniform,1,500,0,0.0001,1.1,2560,-480.4025586964384,15.0,17.13462835262546,0.8725743496556854
9825,False,1000,20,uniform,1,500,0,0.005,straight,730,-4966099998546.969,15.0,10.794572912320671,1.3852402360500395
15832,False,1000,20,uniform,1,500,0,0.001,1.1,2193,-656.6453065822247,15.0,16.68078798688588,0.8965066504710532
79842,False,1000,10,3,1,500,0,0.05,random,34,3008.624255177713,30.1,80.8096858735164,0.3702577664115072
24053,False,1000,20,uniform,1,500,0,0,2,3038,231.70148175919098,15.05,23.502429841146988,0.636040016115009
10480,False,1000,20,uniform,1,500,0,0.005,1.1,834,-340.20346148754874,15.0,11.39972878097849,1.311666589388733
22722,False,1000,20,uniform,1,500,0,0.0001,2,3140,514.9018780083717,15.0,22.238930725834045,0.6723875764735241
10286,False,1000,20,uniform,1,500,0,0.01,straight,264,-8494999995824.4375,15.0,11.264883770681454,1.3273315139008517
10256,False,1000,20,uniform,1,500,0,0.01,1.1,288,-657.697667760631,15.0,11.177210316214762,1.3378193518348283
23104,False,1000,20,uniform,1,500,0,0.001,2,2978,507.841627048712,15.0,22.560538337751954,0.6627796529816818
16030,False,1000,20,uniform,1,500,0,0.005,2,1619,635.4235551653632,15.0,15.9994254065215,0.9344318018090177
12320,False,1000,20,uniform,1,500,0,0.01,2,402,716.435538506344,14.95,12.401093411615651,1.2020857935377636
9727,False,1000,20,uniform,1,500,0,0.05,straight,7,-9696649991548.309,15.0,10.710855928014094,1.396055191031758
9997,False,1000,20,uniform,1,500,0,0.05,1.1,12,-777.0202630570758,15.0,10.925050133489188,1.3688453259813653
119480,False,1000,10,3,1,500,0,0.001,random,592,2785.59102671621,30.0,120.42186029762084,0.24831067527674805
9274,False,1000,20,uniform,1,500,0,0.1,straight,1,-9257649993320.031,15.0,10.257973210673299,1.4576896148929326
12595,False,1000,20,uniform,1,500,0,0.05,2,20,816.3241262862232,14.95,12.534184580949528,1.1879381723070759
8805,False,1000,20,uniform,1,500,0,0.1,1.1,3,-642.757442597239,15.0,9.741772873567351,1.5351809498658144
8849,False,1000,20,uniform,1,500,0,1,straight,0,-8832999993866.129,15.0,9.832999999999988,1.5206426029252558
10056,False,1000,20,uniform,1,500,0,1,1.1,0,-935.8836816692074,15.0,10.98319810256638,1.3615266277453304
12435,False,1000,20,uniform,1,500,0,0.1,2,6,800.866389195173,15.0,12.384481731907506,1.2074907329568882
7752,False,1000,20,1.1,1,500,0,0,straight,1697,-2972999998745.276,15.0,8.698382978568544,1.7192942960764424
12689,False,1000,20,uniform,1,500,0,1,2,0,841.275543298398,15.0,12.587484661668489,1.1878053418054948
11264,False,1000,20,1.1,1,500,0,0,1.1,1695,-244.50872362669543,15.0,12.155880893664058,1.2303096434274665
9519,False,1000,20,1.1,1,500,0,0,2,2250,1122.4172407934796,15.0,9.855302783563765,1.517882091712968
6551,False,1000,20,1.1,1,500,0,0.0001,straight,1416,-2338599998756.5566,15.0,7.5041596242497,1.9929538042883277
30110,False,1000,20,uniform,1,500,0,0.05,3,5,1447.2313316018538,15.0,23.757505859056444,0.6293514762746054
36193,False,1000,20,uniform,1,500,0,0.01,3,818,1110.2331682701229,15.0,29.168704536157332,0.5128138190490938
5542,False,1000,20,1.1,1,500,0,0.0001,1.1,1715,804.0982039302573,15.0,6.454442798733334,2.3173296591599946
53285,False,1000,20,uniform,1,500,0,0.0001,3,4390,1043.9619720740368,15.0,43.1736062735893,0.3464873144765484
27227,False,1000,20,uniform,1,500,0,0.1,3,5,1452.8297663110552,15.0,21.566434005669368,0.6932505637036604
6618,False,1000,20,1.1,1,500,0,0.001,straight,1582,-2404499998782.8154,15.0,7.5665337896942715,1.9769806504085903
46973,False,1000,20,uniform,1,500,0,0.005,3,2867,991.5673575721072,15.0,38.289610849334686,0.3905201727501952
11990,False,1000,20,1.1,1,500,0,0.0001,2,2226,916.6845124217596,15.0,12.221954033678667,1.2246009559158133
63848,False,1000,20,uniform,1,500,0,0,3,4431,999.1083779051548,14.95,51.363435248915195,0.2901336563509413
57900,False,1000,20,uniform,1,500,0,0.001,3,4081,1009.81586387142,15.0,46.81909728508832,0.3194278388203412
9453,False,1000,20,1.1,1,500,0,0.001,1.1,1541,172.184429166517,15.0,10.355859410102752,1.4444506317233063
4310,False,1000,20,1.1,1,500,0,0.005,straight,971,-1666299998630.2805,15.0,5.2741169788643365,2.836214887759707
32733,False,1000,20,uniform,1,500,0,1,3,0,1437.6333824425833,15.0,25.693641467659354,0.5818052385442589
5893,False,1000,20,1.1,1,500,0,0.005,1.1,722,491.66953800044377,14.9,6.831876851613231,2.1669465713968554
13691,False,1000,20,1.1,1,500,0,0.001,2,2298,851.5320983410104,15.0,13.78008672611642,1.0855985234220218
8292,False,1000,20,1.1,1,500,0,0.005,2,1330,1038.2789458911088,15.0,8.721361373489145,1.71428624660631
4851,False,1000,20,1.1,1,500,0,0.01,1.1,446,630.469486538058,15.0,5.794703626632062,2.582534324981868
6934,False,1000,20,1.1,1,500,0,0.01,straight,331,-5349849996767.705,15.0,7.912321538760189,1.8898833763645346
54328,False,1000,20,uniform,1,500,0,0.01,random,727,1250.5065830431538,15.0,55.295817016464845,0.2703727544509468
7943,False,1000,20,1.1,1,500,0,0.01,2,609,1069.199140856971,14.95,8.356679629755657,1.7854057076669634
8302,False,1000,20,1.1,1,500,0,0.05,straight,14,-8261649992794.447,15.0,9.285771658543043,1.6106201796540134
9462,False,1000,20,1.1,1,500,0,0.05,1.1,14,-771.5437925813228,15.0,10.391678081110644,1.4389910495862765
20096,False,1000,20,1.1,1,500,0,0.005,3,2283,1302.0573401558688,15.0,16.91108829465891,0.8846014098466066
11576,False,1000,20,1.1,1,500,0,0.05,2,14,805.1710413387246,15.0,11.593773664727305,1.2907040587857117
62781,False,1000,20,uniform,1,500,0,0.05,random,20,1498.636132951013,15.0,63.76435887402805,0.23446986223059096
8999,False,1000,20,1.1,1,500,0,0.1,straight,5,-8978499991784.348,15.0,9.98286365469659,1.497959307194805
8753,False,1000,20,1.1,1,500,0,0.1,1.1,5,-556.4540375078361,15.0,9.690211086028574,1.5433186136118087
37344,False,1000,20,1.1,1,500,0,0.001,3,3114,1086.3227649888413,15.0,30.522680734452457,0.4895779478624851
65144,False,1000,20,uniform,1,500,0,0.1,random,4,1499.9662511753413,15.0,66.12790920471048,0.2260844361822091
26112,False,1000,20,1.1,1,500,0,0.01,3,1276,1252.4759991674803,15.0,21.33038078534315,0.700991814838271
11212,False,1000,20,1.1,1,500,0,0.1,2,2,877.9818513237826,15.0,11.266347907526217,1.326305521467236
56306,False,1000,20,1.1,1,500,0,0,3,3020,972.9228589266315,15.0,45.04001718583734,0.3319779471356354
63850,False,1000,20,uniform,1,500,0,1,random,0,1500.0,15.0,64.83399999994553,0.2305967048584893
1913,False,1000,20,2,1,500,0,0,straight,988,-555849998623.8159,15.05,2.875124630815532,5.204677724275738
48248,False,1000,20,1.1,1,500,0,0.0001,3,3310,1086.3294078380463,15.0,38.81926138944715,0.3853763977589962
2026,False,1000,20,2,1,500,0,0,2,1003,1347.7372036904883,15.05,2.892916236037503,5.212961668037332
9795,False,1000,20,1.1,1,500,0,1,straight,0,-9778999991005.145,15.0,10.778999999999465,1.3872529738426018
8935,False,1000,20,1.1,1,500,0,1,1.1,0,-647.7474223182451,15.0,9.872464064521717,1.5147499874822365
5794,False,1000,20,2,1,500,0,0,1.1,946,395.75506465257797,15.05,6.732527809298295,2.2256145268450505
27711,False,1000,20,1.1,1,500,0,0.05,3,5,1447.6967609993835,15.0,21.905360581294552,0.6819771544872849
1691,False,1000,20,2,1,500,0,0.0001,1.1,775,1259.816473320293,15.0,2.648160362990301,5.636898504381375
2402,False,1000,20,2,1,500,0,0.0001,straight,1071,-978199998566.4261,15.0,3.360949272932357,4.463105707319174
10904,False,1000,20,1.1,1,500,0,1,2,0,893.6333693009622,15.0,10.993425257858828,1.3615295962187086
5483,False,1000,20,2,1,500,0,0,3,885,1303.960692446926,15.0,5.448063584836724,2.7456353196627576
257512,False,1000,10,3,1,500,0,0.01,random,360,2897.994679119666,30.0,258.46376674323835,0.11569394469637509
2601,False,1000,20,2,1,500,0,0.001,2,625,1262.3472847402245,15.0,3.4371464081797676,4.372291861748874
36132,False,1000,20,1.1,1,500,0,0.01,random,966,1306.2136767450281,15.0,37.09299258987477,0.403151512771551
3242,False,1000,20,2,1,500,0,0.001,1.1,525,911.986005629439,15.0,4.201959253682225,3.5685359982383824
796,False,1000,20,2,1,500,0,0.005,straight,393,-274649998552.42896,15.0,1.7730755467398105,8.53040531214172
233247,False,1000,10,3,1,500,0,1,random,0,3000.0,30.0,234.21600000075432,0.12768209603072267
4272,False,1000,20,2,1,500,0,0.001,straight,724,-1599699998749.0298,15.0,5.240121019691451,2.857268594209815
1820,False,1000,20,2,1,500,0,0.005,1.1,482,1153.9882818292933,15.05,2.7866751923005117,5.387046253472931
7263,False,1000,20,2,1,500,0,0.0001,2,1317,941.7510423257123,15.0,7.825166038482921,1.9131810052765164
51043,False,1000,20,1.1,1,500,0,0.001,random,3916,1352.36259055731,15.0,51.93086218094011,0.28789627276224955
2760,False,1000,20,2,1,500,0,0.01,1.1,326,1018.7735334181946,15.0,3.721393440789128,4.0305270826418935
2060,False,1000,20,2,1,500,0,0.01,2,492,1372.8572069866043,15.0,2.900920868767214,5.168528271043254
5423,False,1000,20,2,1,500,0,0.005,2,1052,1164.9850903007637,15.0,6.04089745181845,2.473327617031949
49474,False,1000,20,1.1,1,500,0,0.005,random,2628,1230.896247971402,15.0,50.39482815658333,0.2966688013755855
4236,False,1000,20,2,1,500,0,0.01,straight,324,-3096499997438.212,15.0,5.214590829790325,2.870874991538971
8331,False,1000,20,2,1,500,0,0.005,3,1487,1413.8640184925341,15.0,7.5215311294344875,1.9924674399239937
271239,False,1000,10,3,1,500,0,0.1,random,3,2999.895451978956,30.0,272.20795136065493,0.10985635381220107
68416,False,1000,20,1.1,1,500,0,0.0001,random,3581,1273.9007101741695,15.0,69.3113217554309,0.21570014622121972
8664,False,1000,20,2,1,500,0,0.05,1.1,20,-658.8115156449339,15.0,9.605011234685362,1.5576788846237204
28914,False,1000,20,1.1,1,500,0,1,3,0,1443.2287040272295,15.0,22.832410160236133,0.655039921417004
36115,False,1000,20,1.1,1,500,0,0.1,3,1,1425.8959317366475,15.0,28.29324032210523,0.5283303174862616
12520,False,1000,20,2,1,500,0,0.05,2,51,756.7123232151882,15.05,12.501499586760817,1.2011981292654252
14836,False,1000,20,2,1,500,0,0.05,straight,4,-14816099969065.816,15.0,15.819909585950157,0.94540485769846
15785,False,1000,20,2,1,500,0,0.01,3,846,1364.7084069537757,15.0,13.165344106622243,1.134470748742836
10648,False,1000,20,2,1,500,0,0.1,1.1,12,-985.2483005980226,15.0,11.580762382865426,1.2919375457072437
128795,False,1000,20,uniform,1,500,0,0.0001,random,4672,1097.408312650323,15.0,129.6643953641253,0.11529932906102784
9563,False,1000,20,2,1,500,0,0.1,2,4,873.0672900197244,15.0,9.79961279198202,1.5243126077959255
27046,False,1000,20,2,1,500,0,0.001,3,1368,1214.7387072030228,15.0,21.912758516205724,0.6834651770786331
126380,False,1000,20,uniform,1,500,0,0.001,random,4642,1203.8086535762588,15.0,127.2495165318162,0.11748763399056654
1812,False,1000,20,3,1,500,0,0,straight,591,-783649998592.7522,15.0,2.7827383659901503,5.417106381517642
15438,False,1000,20,2,1,500,0,0.1,straight,3,-15417499960224.219,15.0,16.421933102909133,0.9107472819770926
121543,False,1000,20,uniform,1,500,0,0.005,random,3762,1184.5826598366564,15.0,122.4364617938617,0.12210515406109941
34181,False,1000,20,2,1,500,0,0.0001,3,1297,1224.2361383187285,15.0,27.299363811075743,0.5485437752261983
3746,False,1000,20,3,1,500,0,0,1.1,412,753.4406728989713,15.0,4.705599853745915,3.190310816826554
10453,False,1000,20,2,1,500,0,1,straight,0,-10436999979317.852,15.0,11.436999999999099,1.3077791496871582
2549,False,1000,20,3,1,500,0,0.0001,straight,342,-1325399998422.3706,15.0,3.5266419751965534,4.245282075498607
7765,False,1000,20,2,1,500,0,1,2,0,958.9603966158908,15.0,8.145634877273885,1.844401546189373
2058,False,1000,20,3,1,500,0,0.0001,1.1,451,1066.6183556278143,15.0,3.02512048439781,4.977621334190309
5351,False,1000,20,3,1,500,0,0,2,445,1069.3071577668045,15.0,5.974818063162602,2.513524989368185
61318,False,1000,20,1.1,1,500,0,0.05,random,21,1498.1887496339127,15.0,62.301453923687845,0.2399934149913609
4375,False,1000,20,3,1,500,0,0.0001,2,708,1143.3499077280344,15.0,5.088406951909039,2.9563506837476763
2415,False,1000,20,3,1,500,0,0.001,1.1,646,1028.8063832755995,15.0,3.3743322186371394,4.4446013959135175
2865,False,1000,20,3,1,500,0,0.001,straight,500,-1204949998628.8733,15.0,3.838755013284274,3.900966873064484
14134,False,1000,20,2,1,500,0,1,1.1,0,-1841.3885224042028,15.0,15.046405236632646,0.9943073595157909
35836,False,1000,20,2,1,500,0,0.005,random,1558,1311.5853571666917,15.05,36.78383895684001,0.4064983668864449
54064,False,1000,20,1.1,1,500,0,0.1,random,8,1499.9346988808043,15.0,55.04785256709033,0.27166781039795496
1713,False,1000,20,3,1,500,0,0.005,straight,377,-849749998407.2522,15.0,2.6892293894392356,5.605876018648159
4842,False,1000,20,3,1,500,0,0.001,2,464,1069.6290531718487,15.1,5.497857959607163,2.733284463808343
1186,False,1000,20,3,1,500,0,0.005,3,616,1355.121710631281,15.0,2.0476383832266247,7.420023824583613
3522,False,1000,20,3,1,500,0,0.005,1.1,428,751.8273007109577,15.0,4.482121449245443,3.344984021808454
3353,False,1000,20,3,1,500,0,0.005,random,318,1432.2362170739575,15.05,4.329706855367374,3.5011771153422573
4236,False,1000,20,3,1,500,0,0.005,2,413,1142.044719208739,15.0,4.961720632319756,3.0368594742253783
8456,False,1000,20,3,1,500,0,0.0001,random,964,1379.0253695634951,15.15,9.415543358091613,1.588901762403413
3387,False,1000,20,3,1,500,0,0.01,straight,234,-2657349997038.4995,15.0,4.366674659571084,3.4385978788773075
33555,False,1000,20,2,1,500,0,0.05,3,29,1428.8258220535572,15.0,26.360041111338298,0.5670717968730637
4094,False,1000,20,3,1,500,0,0.01,1.1,386,612.9692454979462,15.0,5.051609930519094,2.964451185815281
27284,False,1000,20,2,1,500,0,0.1,3,1,1448.1890845519442,15.0,21.58792217023637,0.6944194345178435
16273,False,1000,20,3,1,500,0,0,3,674,1335.7003689764097,15.1,13.573268601528799,1.1039649331692458
4567,False,1000,20,3,1,500,0,0.01,2,330,1217.2864679939596,15.0,5.229209253233181,2.8574561789243815
26391,False,1000,20,2,1,500,0,0.1,random,1,1499.9763367491673,15.0,27.374963330682487,0.5469940972492549
40918,False,1000,20,2,1,500,0,0.01,random,966,1380.9348659269056,15.05,41.88047421828793,0.3570847876031634
61961,False,1000,20,1.1,1,500,0,1,random,0,1500.0,15.0,62.944999999944,0.23755099539017704
25359,False,1000,20,2,1,500,0,1,3,1,1437.8961273832933,15.0,20.159579912950292,0.7446467593219881
58541,False,1000,20,2,1,500,0,0,random,1690,1325.5837373383365,15.0,59.48541513885077,0.25134715729955187
11443,False,1000,20,3,1,500,0,0.05,straight,33,-11399149970502.363,15.0,12.426359035474048,1.2000934891318071
10884,False,1000,20,3,1,500,0,0.05,2,29,807.4352838178713,15.05,11.002865743983246,1.3636239976837814
159972,False,1000,20,uniform,1,500,0,0,random,5010,1148.668102986075,15.0,160.8317489271706,0.09295503410404979
24021,False,1000,20,3,1,500,0,0,random,991,1366.7719302903574,15.0,24.981698982761493,0.5986630291991383
30039,False,1000,20,2,1,500,0,1,random,0,1500.0,15.0,31.023000000014928,0.4826111964874443
13558,False,1000,20,3,1,500,0,0.1,2,33,552.8015456326499,15.0,13.491677210978263,1.1129611753260882
17458,False,1000,20,3,1,500,0,0.1,straight,2,-17440249930929.86,15.0,18.44199999999956,0.8119977181364609
29895,False,1000,20,3,1,500,0,0.0001,3,917,1213.994306472629,15.0,23.95315574933607,0.6246598719974852
21496,False,1000,20,3,1,500,0,0.05,1.1,4,-3510.8316877312704,15.0,22.375804910688096,0.6688101884691213
21532,False,1000,20,3,1,500,0,0.05,3,47,1459.1771662738352,15.0,17.263262338978468,0.8668231064455199
25751,False,1000,20,3,1,500,0,0.01,3,391,1326.4847832516225,15.0,20.64689980708404,0.7242498615116951
14410,False,1000,20,3,1,500,0,1,2,0,556.9753368206015,15.0,14.241129031110868,1.0505378265008913
16152,False,1000,20,3,1,500,0,1,1.1,0,-2448.480909367931,15.0,17.062969222187395,0.8770849677879484
18171,False,1000,20,3,1,500,0,1,straight,0,-18154999937539.477,15.0,19.155000000000427,0.7809089260678153
27819,False,1000,20,3,1,500,0,0.1,1.1,0,-5068.445289159423,15.0,28.670784396529758,0.5216189685663759
43002,False,1000,20,3,1,500,0,0.001,3,656,1167.0648715602795,15.0,33.914242331296045,0.4412548552925453
81845,False,1000,20,2,1,500,0,0.0001,random,1184,1024.3523134350341,15.0,82.80160977855245,0.18057729021953578
70081,False,1000,20,2,1,500,0,0.05,random,59,1499.2650600032314,15.0,71.06376117403609,0.21043801191214206
42988,False,1000,20,3,1,500,0,0.01,random,435,1400.431573532906,15.0,43.96171580644634,0.3391323859710931
153899,False,1000,20,1.1,1,500,0,0,random,3987,1243.0639321600715,15.0,154.78559057258573,0.09658652720397388
91017,False,1000,20,2,1,500,0,0.001,random,1670,1334.160474792051,15.0,91.96033549396351,0.16258210844423257
40148,False,1000,20,3,1,500,0,1,random,0,1500.0,15.0,41.13199999999485,0.36400254485880434
52694,False,1000,20,3,1,500,0,0.05,random,12,1499.6099328758123,15.0,53.67773743968304,0.27908452187055033
49819,False,1000,20,3,1,500,0,0.1,3,3,1399.945942243486,15.0,38.61500049536839,0.38738825489103684
44906,False,1000,20,3,1,500,0,1,3,0,1389.2746513805746,15.0,34.93599018598743,0.4284427429254533
62517,False,1000,20,3,1,500,0,0.001,random,729,1323.4525991582727,15.0,63.483636265855566,0.2355790446218521
55212,False,1000,20,3,1,500,0,0.1,random,7,1499.9589835883671,15.0,56.19581466490091,0.26640708694056314
