19282,False,1000,10,uniform,1,500,0,0.01,straight,109,-17834399988463.293,30.0,20.246765799912303,1.4769611691194133
19152,False,1000,10,uniform,1,500,0,0.005,straight,338,-13128599994255.584,30.0,20.109788022007187,1.486941876829126
19957,False,1000,10,uniform,1,500,0,0.01,1.1,167,-1295.9967076131568,30.0,20.803167889878704,1.4373419207773581
20276,False,1000,10,uniform,1,500,0,0.005,1.1,408,-1163.1446809925262,30.0,21.12645812501922,1.415386176657173
20185,False,1000,10,uniform,1,500,0,0.001,straight,961,-8660899997768.8,30.0,21.11558939179046,1.4161784075169697
22880,False,1000,10,uniform,1,500,0,0.0001,straight,1030,-9784199997800.02,30.0,23.80624560898344,1.2560555580010577
22817,False,1000,10,uniform,1,500,0,0,straight,1126,-9641899997820.225,30.0,23.739470043436523,1.2596048698542588
24134,False,1000,10,uniform,1,500,0,0.0001,1.1,1323,-457.4336154835757,30.0,24.914413638149306,1.2002024960884135
25665,False,1000,10,uniform,1,500,0,0.01,2,199,1453.8887311373487,30.0,24.6103712165375,1.2157084662777569
25268,False,1000,10,uniform,1,500,0,0.001,1.1,1053,-1223.663908562557,30.0,26.07416606999891,1.1468035181687077
27342,False,1000,10,uniform,1,500,0,0.005,2,814,1257.0574648594093,30.0,26.460589950803474,1.1300947426665922
26802,False,1000,10,uniform,1,500,0,0,1.1,1300,-1224.4933700963297,30.0,27.582671424527472,1.0840574985520621
30506,False,1000,10,uniform,1,500,0,0.001,2,1452,1334.425424678862,30.0,29.581899804449016,1.0112308183457546
34294,False,1000,10,uniform,1,500,0,0.0001,2,1706,1326.958980563476,30.0,32.97184404556236,0.9071872494366996
34140,False,1000,10,uniform,1,500,0,0,2,1660,1282.6382291692673,30.0,32.83713064883671,0.9108917667092676
18292,False,1000,10,uniform,1,500,0,0.05,straight,6,-18241299986231.96,30.0,19.26069908863183,1.5525158266130228
19211,False,1000,10,uniform,1,500,0,0.05,1.1,7,-1653.1660452103831,30.0,20.075628773764674,1.4894874432099214
18001,False,1000,10,uniform,1,500,0,0.1,straight,3,-17966499986376.445,30.0,18.969858095879662,1.5762965040125905
19819,False,1000,10,uniform,1,500,0,0.1,1.1,0,-1656.2312615106462,30.0,20.677035478755784,1.4460974773098296
24073,False,1000,10,uniform,1,500,0,0.05,2,8,1465.4444659146116,30.0,23.072180768385202,1.2963123524915536
18137,False,1000,10,uniform,1,500,0,1,straight,0,-18105999986293.65,30.0,19.10600000000037,1.5650531800050416
18251,False,1000,10,uniform,1,500,0,1,1.1,0,-1242.6653057963622,30.0,19.110750980618437,1.5647225230208566
23360,False,1000,10,uniform,1,500,0,0.1,2,2,1762.19653392074,30.0,22.359356805755574,1.3373233637765278
11608,False,1000,10,1.1,1,500,0,0,straight,867,-4610099997606.771,30.0,12.540896148620451,2.38482512693691
12038,False,1000,10,1.1,1,500,0,0,1.1,1020,1256.6886138266946,30.0,12.888711807129587,2.320107275885168
13401,False,1000,10,1.1,1,500,0,0,2,1402,2419.127839619435,30.0,13.42347419204693,2.220340238875855
24042,False,1000,10,uniform,1,500,0,1,2,0,1726.3455908980206,30.0,22.927215312010116,1.304178239530594
10816,False,1000,10,1.1,1,500,0,0.0001,straight,905,-4640899997324.339,30.0,11.749582835088562,2.545101494477776
11856,False,1000,10,1.1,1,500,0,0.0001,1.1,816,1115.581319463668,30.0,12.732515645264916,2.3492241620349557
63184,False,1000,10,uniform,1,500,0,0.01,3,432,2594.706056292299,30.0,49.478846276839455,0.6042071231471592
64806,False,1000,10,uniform,1,500,0,0.005,3,1030,1969.2588960554153,30.0,51.92914181466214,0.575853459172297
10806,False,1000,10,1.1,1,500,0,0.001,straight,836,-4779799997263.36,30.0,11.739582242204923,2.547432611969421
19049,False,1000,10,1.1,1,500,0,0.0001,2,1281,2111.329803357038,30.0,18.663812851918976,1.6013440323629067
13158,False,1000,10,1.1,1,500,0,0.001,1.1,821,757.5425760372947,30.0,14.027627199260246,2.131929918690778
57393,False,1000,10,uniform,1,500,0,0.05,3,2,2839.921868832566,30.0,44.361341127063895,0.6739890259012659
34381,False,1000,10,1.1,1,500,0,0,3,1557,2692.0862326019233,30.0,27.91669177086186,1.0719255126605107
20104,False,1000,10,1.1,1,500,0,0.001,2,1253,1897.0910479213169,30.0,19.719127965181,1.5155467377367502
11344,False,1000,10,1.1,1,500,0,0.005,1.1,555,834.0388036802635,30.0,12.226099416669289,2.4469285457172854
57989,False,1000,10,uniform,1,500,0,0.1,3,1,2881.1756285846295,30.0,44.83760375643992,0.6668843522245849
13927,False,1000,10,1.1,1,500,0,0.005,straight,513,-8505699995320.836,30.0,14.87732266257261,2.010103898287736
84869,False,1000,10,uniform,1,500,0,0,3,2217,2294.5199207309024,30.0,67.55058949922719,0.4426086767386626
84322,False,1000,10,uniform,1,500,0,0.001,3,1882,2096.9205640839746,30.0,67.45261630115832,0.4432470716740278
13864,False,1000,10,1.1,1,500,0,0.005,2,891,2242.791321672396,30.0,13.860277302185105,2.158434518492497
54147,False,1000,10,uniform,1,500,0,1,3,0,2864.09376221236,30.0,41.95343069538201,0.7126367396643649
14452,False,1000,10,1.1,1,500,0,0.01,1.1,136,-273.40176701186664,30.0,15.334606565807317,1.9506850879673432
17404,False,1000,10,1.1,1,500,0,0.01,2,267,2005.5607208903207,30.0,17.033319483994823,1.7576679484256341
20866,False,1000,10,1.1,1,500,0,0.01,straight,103,-19236699985523.586,30.0,21.831816585932707,1.36969073369294
102322,False,1000,10,uniform,1,500,0,0.0001,3,2229,2391.869439673586,30.0,80.68240701490856,0.37057699884929607
17924,False,1000,10,1.1,1,500,0,0.05,1.1,3,-1165.5810047138925,30.0,18.794918967318594,1.591170452921164
20804,False,1000,10,1.1,1,500,0,0.05,straight,6,-20755399980204.688,30.0,21.772831983062815,1.3734342091634844
43134,False,1000,10,1.1,1,500,0,0.001,3,1605,2643.338835124032,30.0,34.77979465355984,0.8597611075884111
29623,False,1000,10,1.1,1,500,0,0.005,3,1248,2653.4447331020087,30.0,24.311055611896357,1.2311030268763141
20241,False,1000,10,1.1,1,500,0,0.05,2,15,1852.2479586970817,29.9,19.56111274942403,1.5239268085645075
59351,False,1000,10,1.1,1,500,0,0.0001,3,1686,2349.43630948225,30.0,47.64082068449253,0.6255043236276283
14640,False,1000,10,1.1,1,500,0,0.1,1.1,1,-354.22451421164175,30.0,15.522635321110807,1.9266028404600768
20699,False,1000,10,1.1,1,500,0,0.1,straight,1,-20664499976225.625,30.0,21.667950370953015,1.3801008498642815
19558,False,1000,10,1.1,1,500,0,0.1,2,6,1815.129192468244,30.0,18.88137904305016,1.582910735196521
21408,False,1000,10,1.1,1,500,0,1,straight,0,-21376999976189.95,30.0,22.377000000004365,1.3363349388301153
102744,False,1000,10,uniform,1,500,0,0.1,random,1,2999.999519566483,30.0,103.71296014463682,0.28830237644707035
4224,False,1000,10,2,1,500,0,0,straight,420,-1905799997105.0894,30.0,5.176141604296206,5.800156157406379
21023,False,1000,10,1.1,1,500,0,1,1.1,0,-2196.038899147534,30.0,21.888469194640827,1.3662091444852706
4618,False,1000,10,2,1,500,0,0,1.1,507,2138.4780679637433,30.1,5.5429044063018935,5.411187142391246
55132,False,1000,10,1.1,1,500,0,0.005,random,1034,2534.3687917297702,30.0,56.052300806866675,0.5334649138032783
113988,False,1000,10,uniform,1,500,0,0.05,random,0,3000.0,30.0,114.95700000018485,0.2601029150034374
4024,False,1000,10,2,1,500,0,0.0001,straight,405,-1976799996774.8352,30.0,4.977181305934439,6.017822807169604
23168,False,1000,10,1.1,1,500,0,1,2,0,1671.0051455430917,30.0,22.24206246648022,1.3443499759836428
4564,False,1000,10,2,1,500,0,0.0001,1.1,407,2132.0578911030984,30.0,5.495482285081055,5.464478375660995
1173,False,1000,10,2,1,500,0,0.001,straight,585,-326599997057.61316,30.1,2.115021999931685,14.180408317366808
55797,False,1000,10,1.1,1,500,0,0.01,3,439,2649.2807703309322,30.0,43.73741288354405,0.6837852287608519
13053,False,1000,10,2,1,500,0,0,2,538,1891.3558882916936,30.0,13.159986826041024,2.276182593409659
3880,False,1000,10,2,1,500,0,0.001,1.1,533,2447.3562684402964,30.1,4.8067333746879015,6.237831508183804
14204,False,1000,10,2,1,500,0,0.0001,2,713,1863.7690886695061,30.0,14.252132039172142,2.0984540887802265
9921,False,1000,10,2,1,500,0,0.001,2,670,2238.191562339171,30.0,10.236223679268466,2.9223999196628823
20727,False,1000,10,2,1,500,0,0,3,1105,2756.1044650930753,30.0,17.177126863850386,1.7407741046141
4189,False,1000,10,2,1,500,0,0.005,straight,348,-2397799996781.1396,30.0,5.145861085937775,5.826749647446357
5308,False,1000,10,2,1,500,0,0.005,2,412,2627.2288378213284,30.0,5.928118629505027,5.057873512357949
7159,False,1000,10,2,1,500,0,0.005,1.1,487,1591.2094263048743,30.0,8.071179059646287,3.7130146881871746
16855,False,1000,10,2,1,500,0,0.001,3,1104,2862.422215945725,30.0,14.088053123477163,2.125302482932632
43937,False,1000,10,1.1,1,500,0,1,3,0,2887.513492786176,30.0,34.20705249646022,0.8741493157396489
5002,False,1000,10,2,1,500,0,0.01,straight,245,-4055899994034.3164,30.0,5.962243746131721,5.024062404727158
78695,False,1000,10,1.1,1,500,0,0.01,random,1189,2854.3943841077185,30.0,79.60742542576898,0.3756141707791668
166349,False,1000,10,uniform,1,500,0,0.005,random,1903,2654.720798688797,30.0,167.22357594330134,0.17880477934312528
5860,False,1000,10,2,1,500,0,0.01,1.1,214,1860.4899660679778,30.0,6.7904242144251326,4.428852949442394
59769,False,1000,10,1.1,1,500,0,0.1,3,6,2871.010862382079,30.0,46.18273036520044,0.6472366829475826
110875,False,1000,10,1.1,1,500,0,0.0001,random,1989,2825.4068904147925,30.0,111.74657216701857,0.2675742144618902
72157,False,1000,10,1.1,1,500,0,0.05,3,3,2828.4159762237414,30.0,55.521824754178986,0.5384950757349393
150355,False,1000,10,uniform,1,500,0,0.01,random,491,2686.5457874470476,30.0,151.30124064889353,0.19762276622484368
13203,False,1000,10,2,1,500,0,0.01,2,207,2061.9609859312422,30.0,13.19332198949742,2.2751558457284857
13355,False,1000,10,2,1,500,0,0.01,3,329,2853.8983176543843,30.0,11.315045150870045,2.638922567306594
24317,False,1000,10,2,1,500,0,0.005,3,830,2730.4688968399428,30.0,19.841865852407594,1.4920889765832053
43043,False,1000,10,2,1,500,0,0.0001,random,828,2827.5995705869755,30.0,43.9731571720563,0.6800759726189554
43483,False,1000,10,2,1,500,0,0.0001,3,922,2709.297504482966,30.0,34.264491552312876,0.8730214508697427
183592,False,1000,10,uniform,1,500,0,0.001,random,2352,2716.1832575525045,30.0,184.44602161887127,0.16210813609899227
17378,False,1000,10,2,1,500,0,0.05,1.1,5,-1146.870660793968,30.0,18.25563409888533,1.6385031778497694
22116,False,1000,10,2,1,500,0,0.01,random,683,2956.5330802317026,30.1,23.05178446656077,1.2983303993502313
21313,False,1000,10,2,1,500,0,0.05,2,7,1690.5574338653325,30.0,20.558192216056938,1.4576456451304103
27573,False,1000,10,2,1,500,0,0.05,straight,1,-27537099937323.668,30.0,28.541931045235362,1.0479159289355224
196517,False,1000,10,uniform,1,500,0,0,random,2250,2620.6869537232856,30.0,197.37414216021205,0.15149002378476736
24398,False,1000,10,2,1,500,0,0.1,1.1,5,-2665.81896971581,30.0,25.24600109344272,1.1849786810787952
159281,False,1000,10,uniform,1,500,0,1,random,0,3000.0,30.0,160.25000000040112,0.18658556634270612
1606,False,1000,10,3,1,500,0,0,2,345,2876.186200684594,30.0,2.485843951169385,12.160561997245555
9100,False,1000,10,3,1,500,0,0,straight,311,-5531099995437.461,30.0,10.05673261080881,2.9582148567646604
26533,False,1000,10,2,1,500,0,0.1,2,0,1370.2700892149762,30.0,25.391325784970938,1.1763067767608235
1900,False,1000,10,3,1,500,0,0.0001,1.1,519,2717.330122436289,30.1,2.834074920070425,10.570836904882176
3360,False,1000,10,3,1,500,0,0.0001,straight,344,-1820599996856.6848,30.0,4.314679973904624,6.95791496809548
6583,False,1000,10,3,1,500,0,0,1.1,347,1678.8631517120612,30.0,7.506926149317829,3.988777925078381
26517,False,1000,10,2,1,500,0,1,straight,0,-26485999946794.55,30.0,27.48600000001061,1.0881192851120773
3100,False,1000,10,3,1,500,0,0.0001,2,484,2765.9841645517113,30.0,3.8723145311927625,7.734814376291716
24343,False,1000,10,2,1,500,0,1,1.1,0,-2905.5156671992145,30.0,25.191950194972556,1.1871707115597896
39858,False,1000,10,2,1,500,0,0.1,straight,0,-39826999870167.836,30.0,40.82699999999555,0.7323966620709902
41008,False,1000,10,2,1,500,0,0.05,random,67,2999.3401727118885,30.0,41.97433515894234,0.7130418011323464
81089,False,1000,10,2,1,500,0,0,random,879,2811.2767254652945,30.0,82.01601022330809,0.36217295031866154
7607,False,1000,10,3,1,500,0,0.0001,3,580,2890.7995823416572,30.0,6.904218563472407,4.333971340703693
5760,False,1000,10,3,1,500,0,0.001,1.1,253,1827.9199679785838,30.0,6.695290533287095,4.473962729612699
4898,False,1000,10,3,1,500,0,0.001,2,229,2571.629581759988,30.0,5.526246951117772,5.478428226767087
108533,False,1000,10,1.1,1,500,0,0.1,random,0,3000.0,30.0,109.5020000001588,0.273148243698604
7407,False,1000,10,3,1,500,0,0.001,straight,247,-4767399994938.174,30.0,8.3669273580318,3.578840363638401
47495,False,1000,10,2,1,500,0,0.05,3,23,2901.2300256507365,30.0,36.905978612493875,0.8113688337834887
6127,False,1000,10,3,1,500,0,0.005,1.1,285,1715.3206539430175,30.0,7.055221301981907,4.232675759536473
5687,False,1000,10,3,1,500,0,0.005,2,353,2549.107329473411,30.0,6.272732316542554,4.777425952188521
6040,False,1000,10,3,1,500,0,0.01,1.1,186,1770.5221221187858,30.0,6.97007164502846,4.3125942015222325
35368,False,1000,10,2,1,500,0,1,3,0,2933.785610999107,30.0,27.723033216195876,1.0784975981206484
35754,False,1000,10,2,1,500,0,1,2,0,940.5008657659131,30.0,33.81612267985341,0.884958867248202
10032,False,1000,10,3,1,500,0,0.005,straight,192,-7836599991095.455,30.0,10.993450434920073,2.7226564822449575
43410,False,1000,10,2,1,500,0,0.1,3,6,2916.621069905186,30.0,33.74565095872125,0.8862708389701893
66937,False,1000,10,2,1,500,0,0.005,random,725,2756.0459393032015,30.0,67.87186155285283,0.4406328010177073
175778,False,1000,10,1.1,1,500,0,0,random,1845,2687.935430476017,30.0,176.6546578614919,0.16925840448666418
122280,False,1000,10,1.1,1,500,0,0.05,random,9,2998.9635271634897,30.0,123.24863325355538,0.2426143454032314
6577,False,1000,10,3,1,500,0,0.01,2,116,2467.7111003417517,30.0,7.054488992894394,4.244223544878125
85681,False,1000,10,2,1,500,0,0.001,random,974,2740.0829796851426,30.1,86.60257363181672,0.3452880859392953
230174,False,1000,10,uniform,1,500,0,0.0001,random,2353,2684.5421960508097,30.0,231.02670918772574,0.12942300109573837
22575,False,1000,10,3,1,500,0,0.001,3,635,2768.598656309695,30.0,18.307087940406635,1.6229310591568982
14070,False,1000,10,3,1,500,0,0.01,3,279,2897.128440927917,30.0,11.732589120394206,2.5631224354150355
18285,False,1000,10,3,1,500,0,0.05,2,26,1812.6627438285373,30.0,17.809581699306893,1.6840831231708175
43558,False,1000,10,3,1,500,0,0,3,385,2540.8089359307046,30.0,34.49779707241344,0.8672384486275465
22033,False,1000,10,3,1,500,0,0.1,2,1,1335.4305179062394,30.0,21.368750841603024,1.396633748027983
32936,False,1000,10,3,1,500,0,0.01,straight,42,-32117199897752.375,30.0,33.903841039778946,0.8821706624839732
26445,False,1000,10,3,1,500,0,0.05,1.1,4,-3306.5976702111197,30.0,27.292230748068665,1.0962417191194629
30805,False,1000,10,3,1,500,0,0.05,straight,2,-30765099867393.35,30.0,31.77398486764099,0.9416903937335375
30752,False,1000,10,3,1,500,0,0.1,1.1,2,-4161.956471862484,30.0,31.570414328748022,0.9473136923707053
32285,False,1000,10,3,1,500,0,1,straight,0,-32253999880235.78,30.0,33.2540000000132,0.8996156836028468
41830,False,1000,10,3,1,500,0,0.1,straight,0,-41798999797251.49,30.0,42.798999999990954,0.6987896711326422
47211,False,1000,10,3,1,500,0,0.05,3,18,2905.5779148814136,30.0,36.65504236881101,0.8164431662381378
152600,False,1000,10,1.1,1,500,0,1,random,0,3000.0,30.0,153.56900000036921,0.19472293020501436
33401,False,1000,10,3,1,500,0,1,2,0,864.2054963447217,30.0,31.70966152415204,0.9469259115857399
44057,False,1000,10,3,1,500,0,0.1,3,0,2915.3245858448263,30.0,34.28760062153539,0.8735030477371705
15939,False,1000,20,uniform,1,500,0,0,straight,2108,-5981549999237.913,15.0,16.87480096679638,0.8860061509581897
67516,False,1000,10,3,1,500,0,0.005,3,461,2478.6690231823277,30.0,52.541243130765494,0.569419570537843
49697,False,1000,10,3,1,500,0,1,1.1,0,-8947.428987126412,30.0,50.43643487540386,0.5930274900826749
16904,False,1000,20,uniform,1,500,0,0,1.1,2473,-713.1856492225918,14.95,17.737503116656324,0.8400957285361755
225382,False,1000,10,1.1,1,500,0,0.001,random,1804,2628.3667326358614,29.9,226.26165229642984,0.13170654281229227
14904,False,1000,20,uniform,1,500,0,0.0001,straight,2166,-6056049998885.73,15.0,15.838564123207808,0.943992127550372
55648,False,1000,10,3,1,500,0,1,3,0,2855.991642620866,30.0,43.069121479134864,0.6949052584624688
15448,False,1000,20,uniform,1,500,0,0.0001,1.1,2266,-489.2389775615143,15.0,16.29632610863046,0.9174397675970013
12764,False,1000,20,uniform,1,500,0,0.001,straight,1924,-4936499998902.102,15.0,13.704825151244023,1.0909921349185765
25765,False,1000,20,uniform,1,500,0,0,2,3253,410.8575570705543,15.0,25.05169106173065,0.5967709697887935
109433,False,1000,10,3,1,500,0,0.0001,random,409,2837.746472907428,30.0,110.38260753230011,0.2709496312731789
17369,False,1000,20,uniform,1,500,0,0.001,1.1,2195,-923.835929744869,14.95,18.209357400391102,0.8183293571511758
10277,False,1000,20,uniform,1,500,0,0.005,straight,679,-5449749998334.666,15.0,11.247395052143114,1.3293471739353178
22728,False,1000,20,uniform,1,500,0,0.0001,2,2929,355.3220660228605,15.0,22.298355166204093,0.6704840020656545
12386,False,1000,20,uniform,1,500,0,0.005,1.1,818,-837.8195109371261,15.0,13.29492714058845,1.1246545126326772
23795,False,1000,20,uniform,1,500,0,0.001,2,2935,380.2602676662296,15.0,23.249815810494816,0.6431660381108086
15723,False,1000,20,uniform,1,500,0,0.005,2,1361,507.44237240136727,15.0,15.758774260528492,0.9491960757342207
8577,False,1000,20,uniform,1,500,0,0.01,1.1,289,-298.21358860093545,15.0,9.506929103927597,1.5729212589468924
10382,False,1000,20,uniform,1,500,0,0.01,straight,288,-8443449995936.667,15.0,11.359759060417032,1.3162665464794234
138497,False,1000,10,3,1,500,0,0,random,439,2729.3196805729654,30.0,139.44556667982934,0.21302023596936195
11213,False,1000,20,uniform,1,500,0,0.01,2,311,859.079160808021,15.0,11.340420213241458,1.3190113777767825
167162,False,1000,10,2,1,500,0,0.1,random,9,2999.846961337078,30.0,168.1306718060902,0.17789888868227788
10410,False,1000,20,uniform,1,500,0,0.05,straight,18,-10365299992305.246,15.0,11.393557824233257,1.3123582717938571
9069,False,1000,20,uniform,1,500,0,0.05,1.1,12,-672.6959694138947,15.0,10.001696644045964,1.4950856520774103
142954,False,1000,10,3,1,500,0,0.001,random,385,2837.841036651571,30.1,143.90458878158654,0.20708927048522843
162112,False,1000,10,2,1,500,0,1,random,0,2990.0,29.9,163.08110000041466,0.1827846843539395
12868,False,1000,20,uniform,1,500,0,0.05,2,22,861.1095279384933,15.0,12.770533935308794,1.1710545667611767
9617,False,1000,20,uniform,1,500,0,0.1,straight,5,-9596349992612.121,15.0,10.600889806513418,1.4105485236271789
43676,False,1000,20,uniform,1,500,0,0.0001,3,3591,751.9653211756993,15.0,36.20057391543719,0.41302367743442964
9974,False,1000,20,uniform,1,500,0,0.1,1.1,7,-928.4044116935344,15.0,10.902111837773427,1.3714930860238284
9316,False,1000,20,uniform,1,500,0,1,straight,0,-9299999992726.49,15.0,10.29999999999973,1.4517322942929884
57565,False,1000,20,uniform,1,500,0,0,3,4353,977.858448514826,15.0,46.58557650595891,0.32100128210255785
138860,False,1000,10,3,1,500,0,0.1,random,28,2999.95535377091,30.0,139.82734897944505,0.21387859754553767
12493,False,1000,20,uniform,1,500,0,0.1,2,1,797.9930978614854,15.0,12.435999874623118,1.20246018749762
9091,False,1000,20,uniform,1,500,0,1,1.1,0,-665.0603752368077,15.0,10.023706761349425,1.4919069426133418
11000,False,1000,20,uniform,1,500,0,1,2,0,837.1806705206989,15.0,11.063453278050726,1.351146631824425
30442,False,1000,20,uniform,1,500,0,0.01,3,497,1159.5557264449585,15.0,24.589793100557912,0.6077759636651449
6866,False,1000,20,1.1,1,500,0,0,1.1,1806,650.2417396737305,15.0,7.763026653381745,1.9263450530087964
39919,False,1000,20,uniform,1,500,0,0.005,3,2155,693.5444964715691,15.0,33.12295880650356,0.4515534960328168
10995,False,1000,20,1.1,1,500,0,0,straight,1676,-4218249998926.3413,15.0,11.940982972665521,1.252250089981778
28720,False,1000,20,uniform,1,500,0,0.05,3,11,1428.3777543999936,15.0,22.70023956631481,0.6585579448932105
56841,False,1000,20,uniform,1,500,0,0.001,3,3802,913.3942779270403,15.0,45.986891246609524,0.32514118550416343
13992,False,1000,20,1.1,1,500,0,0,2,2387,847.1717692462164,15.0,14.080347543188372,1.0614309061895935
9850,False,1000,20,1.1,1,500,0,0.0001,straight,1533,-3849649998892.1523,15.0,10.800194320421426,1.384510012047183
10530,False,1000,20,1.1,1,500,0,0.0001,1.1,1730,94.50908679776141,15.0,11.420242408885459,1.309359070043906
152018,False,1000,10,3,1,500,0,1,random,0,3000.0,30.0,152.98700000036644,0.19551156346430262
9511,False,1000,20,1.1,1,500,0,0.0001,2,2398,1038.50360462217,15.0,9.87685153612687,1.5149850074593794
189765,False,1000,10,3,1,500,0,0.05,random,0,3000.0,30.0,190.73400000054667,0.15682889064560662
8935,False,1000,20,1.1,1,500,0,0.001,straight,1420,-3312049998914.6885,15.0,9.887454992988484,1.5123337535816859
4727,False,1000,20,1.1,1,500,0,0.005,straight,799,-2092649998605.6047,15.0,5.695118794657109,2.626240979977744
32512,False,1000,20,uniform,1,500,0,0.1,3,2,1438.646554147801,15.0,25.541322544628315,0.5852732393341002
5854,False,1000,20,1.1,1,500,0,0.005,1.1,1025,606.2034720744539,15.0,6.782255398155284,2.205675896083507
10932,False,1000,20,1.1,1,500,0,0.001,1.1,1464,-127.0168139467684,15.0,11.831664553203373,1.2642630282549812
11003,False,1000,20,1.1,1,500,0,0.001,2,2353,970.4308947396636,15.0,11.262876972188755,1.327585964750552
30361,False,1000,20,uniform,1,500,0,1,3,0,1442.0673673856877,15.0,23.906126924083715,0.6252765802191949
25871,False,1000,20,1.1,1,500,0,0,3,3087,1212.8737446336013,14.95,21.540295662969985,0.6921669213741135
5979,False,1000,20,1.1,1,500,0,0.01,2,552,1150.6355873362731,15.0,6.533636452613249,2.2887434575780277
6610,False,1000,20,1.1,1,500,0,0.01,1.1,379,163.40162851771385,15.0,7.547041275867969,1.9823124455232979
207900,False,1000,10,3,1,500,0,0.01,random,381,2904.739442064705,30.0,208.85122631697968,0.14317685889096288
8349,False,1000,20,1.1,1,500,0,0.01,straight,268,-6685799996282.503,15.0,9.327443301379919,1.6031646480942126
10249,False,1000,20,1.1,1,500,0,0.005,2,1550,943.1356252114578,15.0,10.585867660292237,1.4140737980264473
24387,False,1000,20,1.1,1,500,0,0.0001,3,2775,1155.0279263188797,15.0,20.487162272891748,0.7301987709048327
9741,False,1000,20,1.1,1,500,0,0.05,straight,15,-9711449991882.35,15.0,10.724664375327208,1.3942689539642132
9254,False,1000,20,1.1,1,500,0,0.05,1.1,12,-717.7411959658651,15.0,10.189829974378975,1.4674825592392033
10876,False,1000,20,1.1,1,500,0,0.1,straight,3,-10857549989302.123,15.0,11.859926690854424,1.2607808419858344
8408,False,1000,20,1.1,1,500,0,0.1,1.1,6,-358.42206112757583,15.0,9.347012654273689,1.6000998879021637
242067,False,1000,10,3,1,500,0,0.005,random,398,2699.9062786404525,30.0,243.0181480493975,0.12304946096513676
53373,False,1000,20,uniform,1,500,0,0.1,random,0,1500.0,15.0,54.35699999996401,0.27504327243851534
59843,False,1000,20,uniform,1,500,0,0.05,random,15,1498.961926701553,15.0,60.82665047935601,0.2457873848708212
14184,False,1000,20,1.1,1,500,0,0.05,2,26,697.2386587802679,15.0,14.002127107040405,1.068878359440817
20159,False,1000,20,1.1,1,500,0,0.01,3,1554,1314.0150891202097,15.0,16.858936083708706,0.8864227194556034
1819,False,1000,20,2,1,500,0,0,straight,721,-538249998639.32684,14.95,2.78783321919991,5.376371632072764
11018,False,1000,20,1.1,1,500,0,0.1,2,2,840.6890199792227,15.0,11.093406211797994,1.349663604547814
9348,False,1000,20,1.1,1,500,0,1,straight,0,-9331999991256.436,15.0,10.331999999999711,1.4472839336457788
2871,False,1000,20,2,1,500,0,0,1.1,1048,1050.2175807564931,15.0,3.816207701268367,3.926843317950001
21329,False,1000,20,1.1,1,500,0,0.05,3,8,1444.354282709911,15.0,17.125803303326514,0.8723945499550126
8976,False,1000,20,1.1,1,500,0,1,1.1,0,-571.3277751129874,15.0,9.91128463620932,1.5088970641094694
73287,False,1000,20,uniform,1,500,0,0.01,random,1117,1239.8055675913772,15.0,74.24485536781937,0.20136811117119602
36777,False,1000,20,1.1,1,500,0,0.001,3,2752,973.0596452464085,15.0,30.198574045521372,0.495076632594733
5212,False,1000,20,2,1,500,0,0,2,1226,1162.4564216056579,15.0,5.865563837453892,2.5623020043403284
2098,False,1000,20,2,1,500,0,0.0001,2,1692,1378.5540465082327,15.0,2.930647527965964,5.1110134860394
3532,False,1000,20,2,1,500,0,0.0001,straight,817,-1569599998565.609,15.0,4.498506295739903,3.3277984945632895
11904,False,1000,20,1.1,1,500,0,1,2,0,873.402458790188,15.0,11.896960662404208,1.2561697937221108
4987,False,1000,20,2,1,500,0,0.0001,1.1,632,564.5772221714217,15.0,5.938872212105569,2.5139286058546166
57491,False,1000,20,uniform,1,500,0,1,random,0,1500.0,15.0,58.47499999995442,0.2556737207698334
3757,False,1000,20,2,1,500,0,0.001,straight,841,-1840949998411.1914,15.0,4.723700688658083,3.16119367324685
3398,False,1000,20,2,1,500,0,0.001,1.1,733,909.7395614999141,15.0,4.35165487370507,3.4410900107758047
2097,False,1000,20,2,1,500,0,0.005,straight,819,-919899998555.9417,15.0,3.0625726818744496,4.89970692900418
680,False,1000,20,2,1,500,0,0.005,2,911,1423.8145810579954,14.95,1.622407968589234,9.339457576588698
2413,False,1000,20,2,1,500,0,0.005,1.1,1113,1045.413278823036,15.0,3.3597645916787386,4.464183458701136
22732,False,1000,20,1.1,1,500,0,0.1,3,10,1460.7687347626293,15.0,18.18308277003064,0.8238725945029316
5890,False,1000,20,2,1,500,0,0.001,2,1028,1004.093024091779,15.0,6.5333918375551105,2.29290293771563
40478,False,1000,20,1.1,1,500,0,0.005,3,2586,1011.3637669760159,15.0,32.953804888742624,0.45387349641607244
1658,False,1000,20,2,1,500,0,0.01,1.1,570,1255.637888004359,15.0,2.6195574837696918,5.752599295915015
3231,False,1000,20,2,1,500,0,0.01,2,418,1265.570399666621,15.0,4.007195272023221,3.731845027738541
5352,False,1000,20,2,1,500,0,0.01,straight,289,-4228699995808.005,15.0,6.330538655815091,2.364283956463494
4437,False,1000,20,2,1,500,0,0.01,3,797,1392.218894263067,15.05,4.562814242341721,3.287983720204758
17219,False,1000,20,2,1,500,0,0.0001,3,1260,1285.4374131036461,15.0,14.48257774038451,1.032540638918648
19108,False,1000,20,2,1,500,0,0,3,1677,1232.6320833858183,15.0,15.934526916996901,0.9383002813891925
14357,False,1000,20,2,1,500,0,0.001,3,1150,1307.7435631969026,15.0,12.147423496834453,1.2319672996588513
27614,False,1000,20,1.1,1,500,0,1,3,0,1430.546695956487,15.0,21.856355895969227,0.684606246183487
11646,False,1000,20,2,1,500,0,0.05,1.1,27,-1230.4155995300637,15.0,12.57079918725958,1.1916671823629965
28319,False,1000,20,2,1,500,0,0,random,1562,1323.45695741356,15.0,29.266617304397403,0.5109528467930082
11460,False,1000,20,2,1,500,0,0.05,2,23,765.7256432512625,15.0,11.518247561162664,1.3026323088427982
24365,False,1000,20,2,1,500,0,0.001,random,1342,1261.4462227426463,15.05,25.31889224537425,0.5906810921027793
20694,False,1000,20,2,1,500,0,0.005,3,1365,1115.8710084523118,15.0,17.2245213374079,0.8692605801933219
134359,False,1000,20,uniform,1,500,0,0,random,4445,1140.4114991728227,15.0,135.23455897808924,0.11055011745373719
15998,False,1000,20,2,1,500,0,0.05,straight,5,-15975499969411.098,15.0,16.981946578281896,0.8805978213647728
23686,False,1000,20,2,1,500,0,0.005,random,845,1388.3610000402064,15.0,24.65098667826635,0.6072785912738279
55733,False,1000,20,1.1,1,500,0,0.05,random,14,1498.7225562839906,15.0,56.71660532045146,0.26362319978832505
11670,False,1000,20,2,1,500,0,0.1,straight,5,-11650149976397.88,15.0,12.653937570875243,1.1824445492005582
132924,False,1000,20,uniform,1,500,0,0.0001,random,4624,1206.2316301788733,15.0,133.79319846400335,0.11174104938679483
9629,False,1000,20,2,1,500,0,0.1,1.1,4,-843.6697916917577,15.0,10.566588620361554,1.4164784953075178
2696,False,1000,20,3,1,500,0,0,straight,379,-934699998731.074,15.0,3.672173715321711,4.105232231011398
1113,False,1000,20,3,1,500,0,0,2,551,1401.386203598302,15.15,2.0397021177510313,7.369593538927466
3819,False,1000,20,3,1,500,0,0,1.1,681,724.3417006949921,15.05,4.76977120291317,3.1425559549240485
13734,False,1000,20,2,1,500,0,0.1,2,10,660.637686691554,15.0,13.622995975813362,1.098929773453001
2696,False,1000,20,3,1,500,0,0.0001,straight,518,-1220449998556.7168,15.0,3.668737191858228,4.094533513884242
78405,False,1000,20,1.1,1,500,0,0.001,random,3221,1170.047316200568,15.0,79.30977564391135,0.18850562446438773
2032,False,1000,20,3,1,500,0,0.0001,1.1,411,1106.308923740362,15.0,3.000290409300128,5.015448682033338
14781,False,1000,20,2,1,500,0,1,straight,0,-14764999961088.318,15.0,15.7649999999967,0.9488361555034528
13965,False,1000,20,2,1,500,0,1,2,0,620.0553647589154,15.0,13.852878482511539,1.0789778666761551
126027,False,1000,20,uniform,1,500,0,0.005,random,3807,1179.7726490430537,15.0,126.91834637939773,0.11779344647065788
14965,False,1000,20,2,1,500,0,1,1.1,0,-2105.898142204508,15.0,15.87758470419458,0.9420782745971202
4061,False,1000,20,3,1,500,0,0.0001,2,690,1180.0247467813576,15.0,4.791748806213284,3.1361057871365925
138261,False,1000,20,uniform,1,500,0,0.001,random,4525,1132.1644773047597,14.95,139.1333544569847,0.10709255394690878
57295,False,1000,20,1.1,1,500,0,0.1,random,3,1494.938891836367,14.95,58.27898984868765,0.25571848725353585
3896,False,1000,20,3,1,500,0,0.001,straight,427,-1975249998307.3706,15.05,4.8713971548675685,3.0754931072507885
3846,False,1000,20,3,1,500,0,0.001,1.1,722,700.4630565731173,15.0,4.799607478339852,3.1267940834032824
1966,False,1000,20,3,1,500,0,0.005,straight,363,-1035949998448.7289,15.0,2.9427394771374615,5.108532358184948
1349,False,1000,20,3,1,500,0,0.005,2,275,1348.5182039575807,15.0,2.2588107874283536,6.685527421381087
11718,False,1000,20,3,1,500,0,0,3,420,1304.0109753214379,15.0,10.098690085026993,1.488820014410128
3282,False,1000,20,3,1,500,0,0.005,1.1,427,830.516188647002,15.0,4.243673030501748,3.5359853186890975
2632,False,1000,20,3,1,500,0,0.01,straight,254,-1663899998076.5015,14.95,3.611172256658,4.149770888885374
8003,False,1000,20,3,1,500,0,0.001,2,418,768.351581991653,15.0,8.469776701470707,1.7754916313578093
2447,False,1000,20,3,1,500,0,0.01,1.1,224,1017.8650164920651,15.05,3.4157088950528043,4.390249475689489
78846,False,1000,20,1.1,1,500,0,0.01,random,1895,1257.544030627574,15.0,79.78363831512668,0.18739578908507704
3294,False,1000,20,3,1,500,0,0.01,2,278,1231.6057799112646,15.0,4.059653728485001,3.717210671438349
13915,False,1000,20,3,1,500,0,0.0001,3,667,1129.1387235352317,15.05,11.998848914482032,1.2521967193228762
11410,False,1000,20,3,1,500,0,0.005,random,420,1446.346449541946,15.0,12.383603554875233,1.2097453861767502
15178,False,1000,20,3,1,500,0,0.001,3,587,1254.7094297346684,15.05,12.776877664832583,1.1717968915874273
68469,False,1000,20,1.1,1,500,0,1,random,0,1500.0,15.0,69.45299999996759,0.2152899343308651
100682,False,1000,20,1.1,1,500,0,0.0001,random,3887,1256.0471990594729,15.0,101.56950628459995,0.14719363298680024
32358,False,1000,20,2,1,500,0,0.1,3,6,1442.204721742861,15.0,25.427877319653106,0.5880729884700504
15232,False,1000,20,3,1,500,0,0.001,random,585,1405.3695844192305,15.0,16.20167914853478,0.9242612928751324
28999,False,1000,20,2,1,500,0,1,3,0,1439.0717002233264,15.0,22.8970635438581,0.6535101296974839
45509,False,1000,20,2,1,500,0,0.05,3,43,1394.9067360500262,15.0,35.4138465527873,0.42180785175331115
12491,False,1000,20,3,1,500,0,0.05,2,4,727.6856256842023,15.0,12.502263399309436,1.1976892500628789
6521,False,1000,20,3,1,500,0,0.1,2,30,1082.6907399752704,15.0,6.9786984923383715,2.164194585875431
33650,False,1000,20,2,1,500,0,1,random,0,1500.0,15.0,34.634000000009976,0.4327640443120583
14596,False,1000,20,3,1,500,0,0.05,1.1,6,-2010.6193262246209,15.0,15.508439463105958,0.9646294748036472
15906,False,1000,20,3,1,500,0,0.01,3,361,1345.7803204436848,15.0,13.21031847136743,1.1312169294431884
20696,False,1000,20,3,1,500,0,0.005,3,521,1261.9614704347025,15.0,16.972192234652574,0.8825602976803537
11211,False,1000,20,3,1,500,0,0.05,3,11,1473.1032940812793,15.0,9.483298876346485,1.5786595577159626
16581,False,1000,20,3,1,500,0,0.05,straight,3,-16557699946793.729,15.0,17.564999999998484,0.8518995447829389
14235,False,1000,20,3,1,500,0,0.1,straight,1,-14218249960028.809,15.0,15.218954688110077,0.9830868110900306
12673,False,1000,20,3,1,500,0,1,2,0,684.7369883535355,15.0,12.658371749601088,1.179826783213345
16547,False,1000,20,3,1,500,0,1,1.1,0,-2478.0630701147575,15.0,17.450078887713616,0.8572677181150681
27699,False,1000,20,3,1,500,0,0.01,random,320,1350.3710938881247,15.0,28.67560480079146,0.5218772549232764
24187,False,1000,20,3,1,500,0,0.05,random,62,1499.2534008333616,15.0,25.169620281568267,0.5958444028965924
25566,False,1000,20,3,1,500,0,0.1,1.1,3,-4629.1190121021355,15.0,26.425859872644956,0.5660942130034434
24534,False,1000,20,3,1,500,0,1,straight,0,-24517999885665.47,15.0,25.518000000008204,0.5860184048438971
117564,False,1000,20,1.1,1,500,0,0.005,random,2660,1144.3457301567873,15.05,118.48443685973446,0.12617924343595444
28915,False,1000,20,3,1,500,0,0.1,3,0,1446.9713265343107,15.0,22.85305449519545,0.6551508198325899
140903,False,1000,20,1.1,1,500,0,0,random,3235,1118.3961086476047,15.0,141.80941963467993,0.10542573235541541
27167,False,1000,20,3,1,500,0,1,3,0,1442.6895185526823,15.0,21.538883711410563,0.6961759582297682
66593,False,1000,20,3,1,500,0,0,random,997,1272.9423636917325,15.0,67.55197923029256,0.22136926953312125
79968,False,1000,20,2,1,500,0,0.1,random,6,1499.984923365019,15.0,80.9519111242297,0.18473973300061414
58141,False,1000,20,3,1,500,0,0.1,random,0,1500.0,15.0,59.1249999999529,0.25384534458474695
77449,False,1000,20,3,1,500,0,0.0001,random,976,1298.911000606457,15.0,78.40911696044165,0.19069584653299718
107656,False,1000,20,2,1,500,0,0.05,random,17,1499.4432933775015,15.0,108.63969463387873,0.13763423410672165
136915,False,1000,20,2,1,500,0,0.0001,random,1800,1232.589449869248,15.0,137.85641193271738,0.10808926973171522
132410,False,1000,20,2,1,500,0,0.01,random,855,1318.05797637403,15.0,133.37336108023044,0.11135122149184888
100012,False,1000,20,3,1,500,0,1,random,0,1500.0,15.0,100.99600000011819,0.14807433820949945
