18733,False,1000,10,uniform,1,500,0,0.01,1.1,159,-1254.905481821505,30.0,19.595373310985934,1.5260297319293128
18726,False,1000,10,uniform,1,500,0,0.01,straight,93,-17448699988751.166,30.0,19.69169945638445,1.5185821180119512
19426,False,1000,10,uniform,1,500,0,0.005,1.1,461,-882.4642199605976,30.0,20.282951289611017,1.4742980289871874
19824,False,1000,10,uniform,1,500,0,0.005,straight,369,-13717599994103.848,30.0,20.778819470051232,1.4390501058162932
22023,False,1000,10,uniform,1,500,0,0.001,straight,846,-9027699998124.525,30.0,22.959543495349223,1.3023935821113295
22484,False,1000,10,uniform,1,500,0,0.0001,straight,1093,-9505599997845.252,30.0,23.40716150973602,1.2774774430978528
22630,False,1000,10,uniform,1,500,0,0.001,1.1,1018,-731.2100484491509,29.9,23.443467122695576,1.2712585776909358
24541,False,1000,10,uniform,1,500,0,0.0001,1.1,1290,-811.9994101553644,30.0,25.325764777539653,1.1807362648756232
23742,False,1000,10,uniform,1,500,0,0,straight,1077,-9970299997981.121,30.0,24.66848121462675,1.212155781136072
25795,False,1000,10,uniform,1,500,0,0.01,2,178,1204.752067442293,30.0,24.84560588204215,1.2035156807153486
28345,False,1000,10,uniform,1,500,0,0.005,2,657,1026.5836608336683,30.0,27.42452668415462,1.0906431464926318
29170,False,1000,10,uniform,1,500,0,0,1.1,1427,-1682.9731791022339,30.0,29.9245435880051,0.9992162705988976
31788,False,1000,10,uniform,1,500,0,0,2,1397,904.9276549084989,30.0,30.93274597616667,0.9670303040887989
34350,False,1000,10,uniform,1,500,0,0.001,2,1538,1146.8386532268096,30.0,33.06941009349403,0.9041836916551091
35677,False,1000,10,uniform,1,500,0,0.0001,2,1609,1022.9873246220916,30.0,34.31211670809803,0.8715598228696203
17889,False,1000,10,uniform,1,500,0,0.05,straight,5,-17845999987127.74,30.0,18.857715435815557,1.5857012686885168
17728,False,1000,10,uniform,1,500,0,0.05,1.1,6,-1045.3696794585278,30.0,18.594156320248914,1.6082276829253126
18020,False,1000,10,uniform,1,500,0,0.1,straight,0,-17988999985924.195,30.0,18.989000000000225,1.5747718346418889
17359,False,1000,10,uniform,1,500,0,0.1,1.1,2,-1477.0336981775058,30.0,18.236459304821846,1.6399040887386398
23031,False,1000,10,uniform,1,500,0,0.05,2,5,1749.093680217638,30.0,22.103444333461702,1.3535491373457815
18095,False,1000,10,uniform,1,500,0,1,straight,0,-18063999986248.117,30.0,19.064000000000316,1.568591783320149
11754,False,1000,10,1.1,1,500,0,0,straight,893,-5354799997246.4,30.0,12.684923564691784,2.357531605252593
24848,False,1000,10,uniform,1,500,0,0.1,2,3,1591.1344442826253,30.0,23.735416403720286,1.2598555037699102
8744,False,1000,10,1.1,1,500,0,0,1.1,886,1834.8039967418567,30.0,9.628017020431503,3.106527363652943
20707,False,1000,10,uniform,1,500,0,1,1.1,0,-2048.551136613615,30.0,21.565566533581663,1.3865482296596792
24613,False,1000,10,uniform,1,500,0,1,2,0,1289.7840003785254,30.0,23.63798564823285,1.2649907919014383
20793,False,1000,10,1.1,1,500,0,0,2,1340,1877.5822341730156,30.0,20.345316010056273,1.47027826068538
14265,False,1000,10,1.1,1,500,0,0.0001,straight,810,-5301799997972.188,30.0,15.202987058342998,1.967020531676725
14288,False,1000,10,1.1,1,500,0,0.0001,1.1,817,736.3078509105892,30.0,15.159635102565039,1.9726739410181628
67961,False,1000,10,uniform,1,500,0,0.01,3,378,2545.1715512685423,30.0,53.18628878090946,0.562222555949179
18562,False,1000,10,1.1,1,500,0,0.0001,2,1312,1953.8031150773102,30.0,18.309647681015054,1.6334609640775155
28036,False,1000,10,1.1,1,500,0,0,3,1730,2781.244656700188,30.0,23.149612833782868,1.2919591580618206
10093,False,1000,10,1.1,1,500,0,0.001,1.1,927,1507.1181892858149,30.0,10.961663391538654,2.7285414010926874
53974,False,1000,10,uniform,1,500,0,0.05,3,1,2881.22847233411,30.0,41.70772725217251,0.7170176073291435
15995,False,1000,10,1.1,1,500,0,0.001,straight,853,-6732799997642.004,30.0,16.930206227072354,1.7664207424937843
17032,False,1000,10,1.1,1,500,0,0.001,2,1222,2211.7737151494675,30.0,16.80890494245076,1.780177686358724
82292,False,1000,10,uniform,1,500,0,0.005,3,1589,2390.7706384804246,30.0,65.23003641515253,0.45831206092476273
13283,False,1000,10,1.1,1,500,0,0.005,1.1,399,366.29290604091574,30.0,14.167756442322368,2.110913028369732
86409,False,1000,10,uniform,1,500,0,0.0001,3,2156,2344.190965160148,30.0,68.6172450622488,0.435810008064257
15963,False,1000,10,1.1,1,500,0,0.005,straight,365,-10202799994964.09,30.0,16.919497416857467,1.7674167552623192
64848,False,1000,10,uniform,1,500,0,0.1,3,3,2874.935814152405,30.0,49.97605631167002,0.5982771563764413
89956,False,1000,10,uniform,1,500,0,0.001,3,2078,2273.691644956029,30.0,71.4031439472766,0.4189427228857932
93961,False,1000,10,uniform,1,500,0,0,3,2184,2271.077178611003,30.0,74.438234684515,0.40167235685306635
18956,False,1000,10,1.1,1,500,0,0.005,2,801,1898.7383628122734,30.0,18.633853578767607,1.605034611942044
60576,False,1000,10,uniform,1,500,0,1,3,0,2862.1519422862175,29.9,46.76516906673118,0.637136408546122
18589,False,1000,10,1.1,1,500,0,0.01,straight,109,-16977999986022.953,30.0,19.554134856722165,1.5293303870240211
14258,False,1000,10,1.1,1,500,0,0.01,2,352,2232.581386069368,30.0,14.160325913163813,2.112549506874079
17352,False,1000,10,1.1,1,500,0,0.01,1.1,137,-971.9966148819573,30.0,18.233409487247734,1.6400882974099722
15067,False,1000,10,1.1,1,500,0,0.05,2,31,2213.4209718189713,30.0,14.779242784124676,2.026461740503797
21277,False,1000,10,1.1,1,500,0,0.05,straight,1,-21240499979595.38,30.0,22.24590950306183,1.344185955297379
19396,False,1000,10,1.1,1,500,0,0.05,1.1,4,-1586.4446985266534,30.0,20.258556365667932,1.4761981488352804
49140,False,1000,10,1.1,1,500,0,0.001,3,1578,2534.6518460895436,30.0,39.4301374782457,0.7585843720421244
60934,False,1000,10,1.1,1,500,0,0.0001,random,1861,2832.402250353621,30.0,61.81312793826595,0.48373359279044836
41432,False,1000,10,1.1,1,500,0,0.005,3,1260,2635.6222755895224,30.0,33.28400553772928,0.898606009897582
18191,False,1000,10,1.1,1,500,0,0.1,1.1,1,-1260.971026781927,30.0,19.060820911155048,1.5689311771349128
21222,False,1000,10,1.1,1,500,0,0.1,straight,3,-21182799980104.28,30.0,22.190877599740958,1.347558041915329
18624,False,1000,10,1.1,1,500,0,0.1,2,4,1937.91447920008,30.0,18.031238714904795,1.659868063478034
43374,False,1000,10,1.1,1,500,0,0.01,3,556,2638.91307432702,30.0,34.3903515145375,0.8691200431893813
1968,False,1000,10,2,1,500,0,0,straight,620,-725999997143.54,30.0,2.9085913444359943,10.293063087319007
4699,False,1000,10,2,1,500,0,0,1.1,568,2283.565748525023,30.0,5.6209354455538945,5.334478257241221
80583,False,1000,10,1.1,1,500,0,0.0001,3,1662,2383.5589534412884,30.0,63.594291412795904,0.4702761608110129
21131,False,1000,10,1.1,1,500,0,1,straight,0,-21099999979100.1,30.0,22.100000000004023,1.3530899757887611
3038,False,1000,10,2,1,500,0,0.0001,straight,758,-1486399997003.692,30.0,3.975190557049365,7.525817952239973
21280,False,1000,10,1.1,1,500,0,1,1.1,0,-2126.6449244923247,30.0,22.131669287619808,1.3512657779225719
9580,False,1000,10,2,1,500,0,0,2,587,2112.1606487536683,30.0,9.950187493872853,3.0057398187639306
46698,False,1000,10,1.1,1,500,0,0.05,3,11,2885.628275908948,30.0,36.307251576943045,0.8231556758121272
23872,False,1000,10,1.1,1,500,0,1,2,0,1585.9232556674876,30.0,22.897459852942013,1.305065375676293
122662,False,1000,10,uniform,1,500,0,0.05,random,5,2999.656408076937,30.0,123.63068399409386,0.2418530669909747
3076,False,1000,10,2,1,500,0,0.001,straight,728,-1361799997086.137,30.0,4.012464144660121,7.464654695205914
7257,False,1000,10,2,1,500,0,0.0001,2,709,2453.2609811345123,30.0,7.739086419940864,3.868569196184937
3906,False,1000,10,2,1,500,0,0.001,1.1,669,2462.9147180459368,30.0,4.823162879565115,6.209743683013096
8337,False,1000,10,2,1,500,0,0.0001,1.1,489,1354.753746534057,30.0,9.247992467010132,3.2352134878469188
5392,False,1000,10,2,1,500,0,0.005,straight,391,-3185199996366.1562,30.0,6.346270173900054,4.71899721399122
20029,False,1000,10,2,1,500,0,0,3,764,2813.610594286189,30.1,16.485285418412822,1.8143255337856192
127797,False,1000,10,uniform,1,500,0,0.1,random,0,3000.0,30.0,128.76600000025078,0.23220735014386423
8831,False,1000,10,2,1,500,0,0.001,2,517,2307.7247901622623,30.0,9.240574833364398,3.237135523801796
4799,False,1000,10,2,1,500,0,0.005,1.1,345,2052.8449379592853,30.0,5.730197370148207,5.242789520371067
111827,False,1000,10,1.1,1,500,0,0,random,1972,2769.921944529551,30.0,112.69869133767796,0.26531268215289006
5522,False,1000,10,2,1,500,0,0.005,2,364,2399.4713040818233,30.0,6.166877748957992,4.863208681880903
41746,False,1000,10,1.1,1,500,0,1,3,0,2887.7268014761767,30.0,32.521785971663846,0.9188037515935829
131305,False,1000,10,uniform,1,500,0,1,random,0,3000.0,30.0,132.27400000026756,0.22605034788154624
137913,False,1000,10,uniform,1,500,0,0.01,random,387,2759.833565170094,30.0,138.8644311506667,0.21532197434497338
25206,False,1000,10,2,1,500,0,0.0001,3,1135,2787.9722895495825,30.1,20.53696380208273,1.451441382508434
9395,False,1000,10,2,1,500,0,0.01,straight,173,-8233999991495.471,30.0,10.357553627167157,2.8920766561617284
10840,False,1000,10,2,1,500,0,0.01,2,322,2239.076320578799,30.0,11.040884293951404,2.7116927452246826
173915,False,1000,10,uniform,1,500,0,0.005,random,1898,2534.529411863225,30.0,174.79082135110258,0.17106282366907838
18508,False,1000,10,2,1,500,0,0.01,1.1,115,-1117.021593647489,30.0,19.380437444306224,1.5432251824008965
72270,False,1000,10,1.1,1,500,0,0.1,3,5,2875.838968801935,30.0,55.53933903445718,0.5385288574353531
185369,False,1000,10,uniform,1,500,0,0.001,random,2227,2644.132065852281,30.0,186.22763350960352,0.1605578742402915
19906,False,1000,10,2,1,500,0,0.05,2,2,1808.3071028174782,30.0,19.27031965109682,1.556390975165289
189025,False,1000,10,uniform,1,500,0,0.0001,random,2419,2663.223931692946,30.0,189.87483916618112,0.1574732377306179
40846,False,1000,10,2,1,500,0,0.001,3,845,2594.4171027091543,30.0,32.4116073318776,0.9201866185552511
22013,False,1000,10,2,1,500,0,0.05,1.1,12,-2280.5411731693152,30.0,22.872654545697568,1.3076711807919477
21925,False,1000,10,2,1,500,0,0.05,straight,3,-21884099948496.742,30.0,22.89379374394006,1.3021510238594078
14497,False,1000,10,2,1,500,0,0.1,2,14,2033.470960852636,30.0,14.30228638819286,2.0952881256076545
49148,False,1000,10,2,1,500,0,0.005,3,751,2612.3320737120152,30.0,38.75144074053326,0.7717782280327462
204727,False,1000,10,uniform,1,500,0,0,random,2411,2632.8172475830843,30.0,205.5771813060365,0.14544521580326014
59889,False,1000,10,2,1,500,0,0.001,random,997,2873.5811536697975,30.0,60.81104586051796,0.4917696783286762
24949,False,1000,10,2,1,500,0,0.1,1.1,1,-2985.6938933712036,30.0,25.798961552093555,1.159294751112647
45659,False,1000,10,2,1,500,0,0.01,3,322,2818.4625594032977,30.3,35.71525567946617,0.8378443942781603
1867,False,1000,10,3,1,500,0,0,2,535,2855.6848330928756,30.0,2.719090911503259,11.037740252359203
22981,False,1000,10,2,1,500,0,1,straight,0,-22949999948911.35,30.0,23.950000000006288,1.24961380330503
34445,False,1000,10,2,1,500,0,0.1,straight,0,-34413999902173.32,30.0,35.41400000000816,0.8443835968904784
2073,False,1000,10,3,1,500,0,0.0001,straight,430,-957599997065.2504,30.0,3.022096250026107,9.944586115879254
21557,False,1000,10,2,1,500,0,1,2,0,1704.8351086856262,30.0,20.836635128908675,1.4390931905265927
8903,False,1000,10,3,1,500,0,0,straight,329,-6315799990364.385,30.0,9.859606249596613,3.0350967378551776
5864,False,1000,10,3,1,500,0,0,1.1,235,1664.5632816423167,30.2,6.804213991171392,4.407709623435227
2127,False,1000,10,3,1,500,0,0.0001,1.1,487,2597.4687107909044,30.0,3.0624979257651015,9.812903836487044
27045,False,1000,10,2,1,500,0,1,1.1,0,-3575.098772261659,30.0,27.8770823634323,1.0727818142530356
116843,False,1000,10,1.1,1,500,0,0.05,random,1,2999.9329608040257,30.0,117.81191187035995,0.25383462518789507
8648,False,1000,10,3,1,500,0,0,3,534,2903.4972743969074,30.1,7.701048956629516,3.888351456437843
4571,False,1000,10,3,1,500,0,0.001,straight,196,-2893799996257.6304,30.0,5.533637597942478,5.414846088762567
3946,False,1000,10,3,1,500,0,0.001,2,237,2710.662073770518,30.0,4.643425337746562,6.4603583347878555
6812,False,1000,10,3,1,500,0,0.0001,2,308,2485.1655036375832,30.1,7.352032354865152,4.045050366475833
3644,False,1000,10,3,1,500,0,0.005,straight,239,-2484799996114.682,30.0,4.604275543983716,6.528614494720753
8497,False,1000,10,3,1,500,0,0.001,1.1,331,1294.5991404455801,30.0,9.413209070881237,3.1790374053933776
5030,False,1000,10,3,1,500,0,0.005,2,251,2485.075622846815,30.0,5.698853209150923,5.288382197480891
6617,False,1000,10,3,1,500,0,0.005,1.1,243,1667.279274445003,30.1,7.545406644481145,3.9762658691863577
40659,False,1000,10,2,1,500,0,0.1,3,5,2933.5109721864196,30.0,31.674663613362803,0.9460397273665047
148756,False,1000,10,1.1,1,500,0,0.005,random,1501,2656.5253526973956,29.9,149.65406000447666,0.19912978416163848
22025,False,1000,10,3,1,500,0,0,random,416,2896.5587787227337,30.1,22.974080315370166,1.298202080002832
116664,False,1000,10,1.1,1,500,0,1,random,0,3000.0,30.0,117.63300000019765,0.25421192632464146
10416,False,1000,10,3,1,500,0,0.01,2,155,2243.4577252525987,30.0,10.63212635468569,2.818441658444674
69113,False,1000,10,2,1,500,0,0.05,random,38,2999.5798674746347,30.0,70.08028559469753,0.4273803529512348
17830,False,1000,10,3,1,500,0,0.01,straight,118,-16357099965300.387,30.0,18.794472732700015,1.5917340268929547
16670,False,1000,10,3,1,500,0,0.01,1.1,114,-954.8701824791096,29.9,17.55936986666069,1.6982520328332023
152354,False,1000,10,1.1,1,500,0,0.01,random,620,2788.354292423332,30.0,153.29443176916567,0.19505518695401064
48204,False,1000,10,2,1,500,0,1,3,0,2885.182408455589,30.0,37.43862270460514,0.7980100771337602
10859,False,1000,10,3,1,500,0,0.05,2,2,2409.1747306236466,30.0,10.94257129006419,2.757217555248613
40753,False,1000,10,3,1,500,0,0.0001,3,478,2677.186109882515,30.0,32.16094334780378,0.9306319808107888
37464,False,1000,10,3,1,500,0,0.005,3,303,2710.092214487144,30.0,29.61126593835233,1.0163042000729399
96324,False,1000,10,2,1,500,0,0.05,3,0,2829.4805001136265,30.0,73.73570547682668,0.4059498834075197
31106,False,1000,10,3,1,500,0,0.05,1.1,13,-4441.389334890091,30.0,31.925335360427596,0.936932999658216
42519,False,1000,10,3,1,500,0,0.05,straight,1,-42483299830851.0,30.0,43.48799999998935,0.6877118821018792
69327,False,1000,10,3,1,500,0,0.0001,random,287,2762.505465185911,30.0,70.28239883580464,0.42555457284417386
30657,False,1000,10,3,1,500,0,0.1,2,0,749.1533019107226,30.0,29.354318155960982,1.0227601463809253
36203,False,1000,10,3,1,500,0,0.1,1.1,1,-5853.809515725851,30.0,37.00094318731268,0.8082559900029569
48402,False,1000,10,3,1,500,0,0.1,straight,0,-48370999788422.484,30.0,49.37099999997563,0.6058028176423238
31229,False,1000,10,3,1,500,0,1,straight,0,-31197999844946.355,30.0,32.19800000001566,0.9299576902177306
55300,False,1000,10,3,1,500,0,0.05,3,26,2901.263471406685,30.0,42.76330587192706,0.6993296640888331
74874,False,1000,10,3,1,500,0,0.001,3,318,2595.6009796854332,30.0,57.910906937035826,0.5168573257628835
80522,False,1000,10,3,1,500,0,0.001,random,591,2826.9930990352873,30.0,81.46326312469462,0.3658597885211757
70122,False,1000,10,3,1,500,0,0.01,random,357,2926.0194916316077,30.0,71.07539323339714,0.420836077773269
70968,False,1000,10,3,1,500,0,0.01,3,181,2707.893497445738,30.0,54.84039238068904,0.5460786661206843
234237,False,1000,10,1.1,1,500,0,0.001,random,1858,2441.16101364189,29.9,235.11684967159954,0.12674702549877265
25140,False,1000,10,3,1,500,0,1,2,0,1405.856336051842,30.0,24.160023020023928,1.2411625563939332
90847,False,1000,10,3,1,500,0,0.005,random,374,2825.113622112833,30.0,91.79844525453821,0.3257834738272251
44998,False,1000,10,3,1,500,0,1,1.1,0,-7473.860826848548,30.0,45.74852898879671,0.6537765655379963
16044,False,1000,20,uniform,1,500,0,0,straight,2230,-5929499999110.872,15.0,16.977056550237833,0.8807120635112003
201161,False,1000,10,1.1,1,500,0,0.1,random,3,2999.9682234327383,30.0,202.1297620969578,0.14792974864864122
158598,False,1000,10,2,1,500,0,0.005,random,930,2723.6860963641034,30.0,159.52208777469463,0.1874396942469485
182743,False,1000,10,2,1,500,0,0,random,1169,2730.473819760845,30.0,183.6567127784375,0.16280710205706717
12443,False,1000,20,uniform,1,500,0,0.0001,straight,1856,-4339849999085.733,15.0,13.38506783846035,1.117043716902035
118700,False,1000,10,2,1,500,0,1,random,0,3000.0,30.0,119.66900000020732,0.2499205969014006
17794,False,1000,20,uniform,1,500,0,0,1.1,2496,-859.1245869398405,15.0,18.622509549203954,0.8028748761952251
165334,False,1000,10,2,1,500,0,0.01,random,464,2822.5845239219043,30.0,166.28025832709505,0.1798293773192503
17729,False,1000,20,uniform,1,500,0,0.0001,1.1,2436,-906.3746153618495,15.0,18.558244011733176,0.8056469787621404
12584,False,1000,20,uniform,1,500,0,0.001,straight,1488,-4224499999311.122,15.0,13.536853751930096,1.1045401828377999
21450,False,1000,20,uniform,1,500,0,0,2,2868,484.3141863529323,15.0,21.125856740046505,0.7078689158854676
10197,False,1000,20,uniform,1,500,0,0.005,straight,742,-5153099998572.476,15.0,11.166250239642507,1.3390905256087762
10393,False,1000,20,uniform,1,500,0,0.005,1.1,809,-384.76023264760454,15.0,11.31400210967603,1.3216703218392492
83961,False,1000,10,3,1,500,0,0.1,random,2,2999.6171627564604,30.0,84.93000000004147,0.3521534949709809
15855,False,1000,20,uniform,1,500,0,0.001,1.1,2037,-767.5947549749892,15.0,16.712811038563647,0.8945779598298493
93645,False,1000,10,3,1,500,0,0.1,3,8,2782.058633577167,30.0,71.82799600796511,0.4161726437123539
23641,False,1000,20,uniform,1,500,0,0.0001,2,3058,398.5017899731506,15.0,23.096284274591262,0.6473370686686896
15925,False,1000,20,uniform,1,500,0,0.005,2,1677,630.6006010094922,15.0,15.922241088415708,0.9391777588128931
9429,False,1000,20,uniform,1,500,0,0.01,straight,237,-7816899996090.981,15.0,10.40876099327976,1.436552910532075
9667,False,1000,20,uniform,1,500,0,0.01,1.1,322,-515.1000260889541,15.0,10.588411310473393,1.4122719008180395
218896,False,1000,10,2,1,500,0,0.0001,random,1218,2687.777257983487,30.0,219.8080263261122,0.13602934692264115
9805,False,1000,20,uniform,1,500,0,0.05,straight,9,-9775199992659.309,15.0,10.788803257064009,1.3859031767620107
23800,False,1000,20,uniform,1,500,0,0.001,2,3047,519.9216647401846,15.0,23.224607744621395,0.644188345965609
10067,False,1000,20,uniform,1,500,0,0.05,1.1,15,-768.6198328549635,15.0,10.994332178392414,1.360192367887691
13353,False,1000,20,uniform,1,500,0,0.01,2,403,630.5362242379737,15.0,13.366408220572387,1.1187709485446682
12368,False,1000,20,uniform,1,500,0,0.05,2,11,777.7324763582202,15.0,12.324396346691579,1.2133302462200863
8816,False,1000,20,uniform,1,500,0,0.1,straight,1,-8799799993604.777,15.0,9.800000000000008,1.5258348792039536
131535,False,1000,10,3,1,500,0,0.05,random,0,3000.0,30.0,132.50400000026863,0.22573113606348255
9281,False,1000,20,uniform,1,500,0,0.1,1.1,3,-757.0180184436737,15.0,10.212869747908595,1.4641512909009529
101633,False,1000,10,3,1,500,0,1,3,0,2791.807861585369,30.0,77.76609923883116,0.38475722904421966
9466,False,1000,20,uniform,1,500,0,1,1.1,0,-676.7233113313512,15.0,10.395395657631187,1.4384261776167568
9974,False,1000,20,uniform,1,500,0,1,straight,0,-9958049992258.436,14.95,10.958049999999366,1.3599797633454649
12592,False,1000,20,uniform,1,500,0,0.1,2,3,867.7532124729756,15.0,12.509640984373654,1.1949942293395113
209798,False,1000,10,2,1,500,0,0.1,random,1,2999.976782802529,30.0,210.76690532780012,0.14188282502336097
8481,False,1000,20,1.1,1,500,0,0,straight,1779,-3330699998774.843,15.0,9.425976867629736,1.586380021754151
12881,False,1000,20,uniform,1,500,0,1,2,0,757.0590836065248,15.0,12.782209227600697,1.1651741942588572
6578,False,1000,20,1.1,1,500,0,0,1.1,1677,702.6084628893544,14.95,7.487492914882614,1.9912089902592514
31050,False,1000,20,uniform,1,500,0,0.01,3,778,1154.0012775025734,15.0,25.16840375255879,0.5944583705335736
9333,False,1000,20,1.1,1,500,0,0,2,2104,1068.629468165632,15.0,9.733061990669635,1.5370162312178106
29255,False,1000,20,uniform,1,500,0,0.05,3,12,1450.6381788313597,15.0,23.06846668552419,0.6480178946791295
7171,False,1000,20,1.1,1,500,0,0.0001,1.1,1479,500.1694205461552,15.0,8.085615601664568,1.8497565627948553
8576,False,1000,20,1.1,1,500,0,0.0001,straight,1720,-3386099998759.3213,15.0,9.52107827453899,1.570527469706104
6312,False,1000,20,1.1,1,500,0,0.001,straight,1155,-2043799998937.566,15.0,7.272213867707431,2.0572484034961738
59053,False,1000,20,uniform,1,500,0,0,3,4393,859.0387215901986,15.0,47.88373002002908,0.31219740279028224
45431,False,1000,20,uniform,1,500,0,0.005,3,3171,980.2332350505487,15.0,37.21704739375185,0.401732901410422
58088,False,1000,20,uniform,1,500,0,0.0001,3,4151,979.236576244593,15.0,46.85828965659743,0.31904887939421933
30145,False,1000,20,uniform,1,500,0,0.1,3,0,1434.620659655287,15.0,23.754045055827365,0.6294271819288593
13571,False,1000,20,1.1,1,500,0,0.0001,2,2461,915.0777225894935,15.05,13.664727367069839,1.0943065390168691
8832,False,1000,20,1.1,1,500,0,0.001,1.1,1402,229.59438788814086,15.0,9.74163555460171,1.535154962879115
27931,False,1000,20,uniform,1,500,0,1,3,0,1443.1028566800464,15.0,22.09527048076351,0.6765085960269619
6740,False,1000,20,1.1,1,500,0,0.005,straight,734,-3046599998658.5083,15.0,7.709608708969435,1.93970878530672
10516,False,1000,20,1.1,1,500,0,0.001,2,2053,945.7627855967783,15.0,10.84217836625259,1.3800281798830103
57653,False,1000,20,uniform,1,500,0,0.001,3,4138,1071.922954635318,15.0,46.53498981426251,0.3212981211483429
7401,False,1000,20,1.1,1,500,0,0.005,1.1,855,252.98209898382433,15.0,8.328119138178007,1.7959573589990303
7125,False,1000,20,1.1,1,500,0,0.005,2,1105,1028.0628128055562,15.0,7.703502763690082,1.94281450466468
5721,False,1000,20,1.1,1,500,0,0.01,1.1,691,454.4038333534625,15.0,6.65623910823008,2.247866147868355
6239,False,1000,20,1.1,1,500,0,0.01,2,576,1108.5879787378155,15.0,6.773266757947951,2.2082167148594
8932,False,1000,20,1.1,1,500,0,0.01,straight,236,-7367999995243.492,15.0,9.911769633818967,1.5086638462243005
29237,False,1000,20,1.1,1,500,0,0,3,3128,1232.2709937726572,15.0,24.184434605536513,0.6184911617146894
9038,False,1000,20,1.1,1,500,0,0.05,straight,8,-9004099992078.057,15.0,10.021852707426005,1.4921336198983242
8319,False,1000,20,1.1,1,500,0,0.05,1.1,11,-546.8464758595279,15.0,9.258778649274786,1.6151714500561412
29009,False,1000,20,1.1,1,500,0,0.0001,3,2751,1108.8139232173417,15.0,24.091599436454498,0.6204174343463179
53696,False,1000,20,uniform,1,500,0,0.05,random,17,1494.1110369741994,14.95,54.67958886957511,0.2725105314916062
10316,False,1000,20,1.1,1,500,0,0.05,2,13,953.5755728534444,15.0,10.440864251289264,1.4341465587564997
9708,False,1000,20,1.1,1,500,0,0.1,straight,3,-9690049990628.615,15.0,10.691970688040536,1.398566500347523
62545,False,1000,20,uniform,1,500,0,0.01,random,702,1252.032048810872,15.0,63.51314755477953,0.23539216772499688
10033,False,1000,20,1.1,1,500,0,0.1,1.1,5,-831.7090909307235,15.0,10.959632096699885,1.3644695043391395
10381,False,1000,20,1.1,1,500,0,0.1,2,5,909.6340429830736,15.0,10.493631367895397,1.4281568098296908
26038,False,1000,20,1.1,1,500,0,0.005,3,1919,1060.929537545529,15.0,21.64204269851193,0.6904730336352919
59459,False,1000,20,uniform,1,500,0,0.1,random,2,1499.9896709836175,15.0,60.44294469864518,0.24734973723224024
3844,False,1000,20,2,1,500,0,0,straight,861,-1884449998480.0923,15.0,4.8099365570566,3.1177401618072045
10659,False,1000,20,1.1,1,500,0,1,straight,0,-10642999990396.514,15.0,11.642999999998988,1.2842987729055264
10462,False,1000,20,1.1,1,500,0,1,1.1,0,-1070.9021440072868,15.0,11.39011355284109,1.3128998620327061
10215,False,1000,20,1.1,1,500,0,1,2,0,788.5759466454431,15.0,10.39670007753581,1.4381200018033373
27947,False,1000,20,1.1,1,500,0,0.01,3,1052,1248.6028615642376,15.0,22.69960550245051,0.6587312839607918
3529,False,1000,20,2,1,500,0,0,2,1225,1250.702077256025,15.0,4.300425756717449,3.4943479200981242
4089,False,1000,20,2,1,500,0,0,1.1,1009,871.3103876681255,15.0,5.030013509538526,2.9660016484895193
26111,False,1000,20,1.1,1,500,0,0.05,3,19,1441.5096095927688,15.0,20.70263366052476,0.7217341076177497
3561,False,1000,20,2,1,500,0,0.0001,straight,766,-1432199998643.9404,15.0,4.529411989149385,3.3057145886551433
2788,False,1000,20,2,1,500,0,0.0001,1.1,914,1047.0730355760043,15.0,3.7393379272686333,4.006197086991276
3198,False,1000,20,2,1,500,0,0.0001,2,1145,1248.94277294147,15.0,3.987670210896847,3.7065750533758255
2239,False,1000,20,2,1,500,0,0.001,2,670,1294.9034237461515,15.0,3.1086797724655386,4.858180493206467
2993,False,1000,20,2,1,500,0,0.001,straight,613,-1219949998591.2368,15.0,3.965190012479969,3.7816232884457683
4795,False,1000,20,2,1,500,0,0.001,1.1,762,695.119611278671,15.0,5.742456012118273,2.607670705559042
26720,False,1000,20,1.1,1,500,0,0.1,3,5,1440.193376729668,15.0,21.170861704599044,0.7060581345345108
228475,False,1000,10,3,1,500,0,1,random,0,3000.0,30.0,229.4440000007315,0.13033099005767723
2453,False,1000,20,2,1,500,0,0.005,straight,622,-1133849998484.5784,15.0,3.424163501526602,4.380994057380725
1388,False,1000,20,2,1,500,0,0.005,2,534,1389.392273240569,15.0,2.288097026393632,6.566583634500816
69979,False,1000,20,uniform,1,500,0,1,random,0,1500.0,15.0,70.9629999999748,0.21067852014038219
2155,False,1000,20,2,1,500,0,0.01,straight,522,-1315399998242.8345,15.0,3.1284777045694336,4.808524561282445
8867,False,1000,20,2,1,500,0,0.001,3,1424,1342.5766082946384,15.05,8.030924171611279,1.8639985300317328
18850,False,1000,20,2,1,500,0,0,3,1898,1305.8621878653717,15.0,15.678398201773609,0.9531069212953873
6152,False,1000,20,2,1,500,0,0.005,1.1,717,304.4192849323992,15.0,7.092410824730713,2.1105238582288903
15559,False,1000,20,2,1,500,0,0.0001,3,1508,1232.7267564722965,15.0,13.220250722564737,1.1333547705302334
2537,False,1000,20,2,1,500,0,0.01,1.1,503,996.151742720421,15.0,3.497332868086807,4.317283781837046
27062,False,1000,20,1.1,1,500,0,1,3,0,1449.4081869984689,15.0,21.420629623524327,0.6977242970447379
45359,False,1000,20,1.1,1,500,0,0.01,random,1006,1230.4423822143904,15.0,46.31936633938595,0.3227780584208275
3923,False,1000,20,2,1,500,0,0.01,2,510,1207.513238505842,15.0,4.640025758202335,3.2367023216519497
8482,False,1000,20,2,1,500,0,0.005,3,1391,1359.5301340309338,15.0,7.69232531076302,1.9469233952586926
59101,False,1000,20,1.1,1,500,0,0.001,3,3214,831.7169940937774,15.0,47.35696813054186,0.3156121335225624
61180,False,1000,20,1.1,1,500,0,0.001,random,3663,1311.2010904933588,15.0,62.073410542184796,0.24085589404312674
74632,False,1000,20,1.1,1,500,0,0,random,3489,1226.761936745501,15.0,75.53106668942911,0.1979379753257155
8496,False,1000,20,2,1,500,0,0.05,1.1,8,-481.74819999377195,15.0,9.437159123616293,1.5853464607168783
12129,False,1000,20,2,1,500,0,0.01,3,1083,1337.0350649827358,15.0,10.492316033418097,1.4150319073545963
12921,False,1000,20,2,1,500,0,0.05,2,8,588.210738577665,15.0,12.912153128076742,1.1648070085881552
14375,False,1000,20,2,1,500,0,0.05,straight,8,-14351299964638.99,14.95,15.35884674920182,0.9714103047222702
11518,False,1000,20,2,1,500,0,0.1,1.1,0,-1213.8796963433483,15.0,12.444511589234788,1.2021406487339532
54976,False,1000,20,1.1,1,500,0,0.05,random,20,1499.600070317213,15.0,55.959603296071236,0.26723948639376605
128866,False,1000,20,uniform,1,500,0,0,random,4880,1209.087165419533,15.0,129.72887807211038,0.11524159465915454
8577,False,1000,20,2,1,500,0,0.1,2,7,998.9060319240476,15.0,8.867445069777848,1.6893949907618666
16102,False,1000,20,2,1,500,0,0.1,straight,4,-16084699962234.287,15.0,17.085956670535744,0.875683330962359
33190,False,1000,20,2,1,500,0,0.0001,random,1957,1292.8091919347567,15.0,34.128156673657436,0.43811266419871436
44559,False,1000,20,1.1,1,500,0,1,random,0,1500.0,15.0,45.54299999998456,0.32835461980180775
2550,False,1000,20,3,1,500,0,0,1.1,343,949.8427492852168,15.0,3.5184797768036065,4.288820084277046
4009,False,1000,20,3,1,500,0,0,straight,532,-1914949998578.8835,15.0,4.981796029075083,3.007745618104728
10343,False,1000,20,2,1,500,0,1,straight,0,-10326999982014.855,15.0,11.32699999999916,1.3210920418802081
3949,False,1000,20,3,1,500,0,0.0001,straight,605,-2153699998010.2993,15.0,4.919506087581821,3.0442460223487937
118530,False,1000,20,uniform,1,500,0,0.005,random,3750,1169.6696488699731,15.0,119.42180924793846,0.12518859471047245
4510,False,1000,20,3,1,500,0,0,3,388,1375.4807098079852,15.0,4.569917594569679,3.2794927993024685
3287,False,1000,20,3,1,500,0,0.0001,1.1,490,711.575725911421,15.0,4.247258403684083,3.5509915484381915
6148,False,1000,20,3,1,500,0,0,2,413,1020.2172473594876,15.05,6.709656704285277,2.2390309909638466
1817,False,1000,20,3,1,500,0,0.001,1.1,353,1127.7792684982626,15.05,2.785865167727637,5.383423467522848
6440,False,1000,20,3,1,500,0,0,random,549,1402.540712848408,15.4,7.410750055088341,2.0228456098905405
24096,False,1000,20,2,1,500,0,0.05,3,1,1455.3863830075638,15.0,19.184830835790404,0.7813253099324031
2761,False,1000,20,3,1,500,0,0.001,straight,402,-1430899998422.2642,15.0,3.7364461073591366,4.021994933096341
5650,False,1000,20,3,1,500,0,0.0001,2,470,1035.737212548235,15.0,6.265782529739587,2.398971212808399
13932,False,1000,20,2,1,500,0,1,2,0,802.5534015292249,15.0,13.778452231227693,1.0913101041212205
16497,False,1000,20,2,1,500,0,1,1.1,1,-2449.1347844895326,15.0,17.398735902707234,0.8595108403886211
6298,False,1000,20,3,1,500,0,0.001,2,527,911.7623834686086,15.0,6.901821906912788,2.18087429219029
4721,False,1000,20,3,1,500,0,0.005,1.1,376,451.9380131860963,15.0,5.6769116348967925,2.640391162372923
5761,False,1000,20,3,1,500,0,0.005,straight,354,-3566499997733.4116,15.0,6.7383479326534514,2.220587243273267
1611,False,1000,20,3,1,500,0,0.01,straight,212,-1143399998087.8594,15.0,2.5913596163084085,5.804880186402723
5188,False,1000,20,3,1,500,0,0.005,2,551,1143.0050665183066,15.0,5.821244335812286,2.5747377736540855
30160,False,1000,20,2,1,500,0,0.05,random,133,1498.5981677000843,15.0,31.14106623986952,0.48067072085666995
2639,False,1000,20,3,1,500,0,0.01,2,361,1286.068251551348,15.0,3.4541211109730896,4.349511391563602
66338,False,1000,20,1.1,1,500,0,0.1,random,1,1499.9591675705526,15.0,67.32199581069358,0.22212210554884856
36151,False,1000,20,2,1,500,0,0.01,random,655,1386.1918956252205,15.0,37.12047344244129,0.4015643739928116
138013,False,1000,20,uniform,1,500,0,0.001,random,4590,1118.2378286517956,14.95,138.88372080699415,0.1072849242930715
6947,False,1000,20,3,1,500,0,0.01,1.1,245,27.151418844572078,15.0,7.89362693731079,1.898523906178634
8638,False,1000,20,3,1,500,0,0.05,1.1,41,-492.2072813024812,15.0,9.577188250845952,1.5653503970055471
21023,False,1000,20,3,1,500,0,0.0001,3,632,1230.4924966865585,15.05,17.272628783841704,0.8646737853503111
17173,False,1000,20,3,1,500,0,0.005,3,433,1269.6427988619248,15.0,14.248071862286626,1.0475352264004614
31324,False,1000,20,2,1,500,0,1,3,0,1438.07364076368,15.0,24.67184399255313,0.6058929916974758
13817,False,1000,20,3,1,500,0,0.05,straight,4,-13788149961480.684,15.0,14.800922262638505,1.0107168477818407
11613,False,1000,20,3,1,500,0,0.05,2,56,846.1391540223791,15.0,11.653027080892276,1.2801474306937775
66631,False,1000,20,2,1,500,0,0,random,1095,1226.3134875387232,15.0,67.59023389945445,0.22120518264534977
17417,False,1000,20,3,1,500,0,0.01,3,368,1351.7731364448846,15.0,14.3114941838514,1.0498785974647524
14885,False,1000,20,3,1,500,0,0.1,straight,2,-14866099946275.025,15.0,15.868973670687343,0.9433871329504955
9950,False,1000,20,3,1,500,0,0.1,2,11,719.5400333714754,15.0,10.181048696524137,1.4727280403728613
27531,False,1000,20,3,1,500,0,0.001,3,642,1248.2095729362325,15.0,22.145849253644027,0.6760421988769779
46776,False,1000,20,2,1,500,0,0.1,3,1,1397.3260908925536,15.0,36.381704095512255,0.4116848989435821
13830,False,1000,20,3,1,500,0,0.1,1.1,16,-1698.4023676517395,15.0,14.742070387557689,1.0156617129742298
10692,False,1000,20,3,1,500,0,1,2,0,838.4714948243718,15.0,10.834881780138462,1.382677708160271
42957,False,1000,20,2,1,500,0,1,random,0,1495.0,14.95,43.941049999988294,0.3399424889942059
50912,False,1000,20,2,1,500,0,0.1,random,4,1499.97615983877,15.0,51.89592458522234,0.2884065844497073
13710,False,1000,20,3,1,500,0,1,1.1,0,-1691.4274102383065,15.0,14.62547578262301,1.0230554928036817
15332,False,1000,20,3,1,500,0,1,straight,0,-15315999950052.45,15.0,16.315999999996954,0.9168373643520367
171432,False,1000,20,uniform,1,500,0,0.0001,random,4928,1156.7788040875453,15.0,172.2935269659098,0.08677138221423865
17999,False,1000,20,3,1,500,0,1,3,0,1467.982538503398,15.0,14.587519540164305,1.023447312961373
32330,False,1000,20,3,1,500,0,0.05,3,28,1438.5027919915979,15.0,25.40902654416016,0.5890689938054866
74062,False,1000,20,2,1,500,0,0.005,random,1458,1334.395953273171,15.0,75.01096693240905,0.19932182415191624
49658,False,1000,20,3,1,500,0,0.0001,random,752,1354.8214263226196,15.15,50.62395557692378,0.29544767984769404
118877,False,1000,20,1.1,1,500,0,0.005,random,2746,1143.9907308940349,15.0,119.79521084870555,0.1247978978324467
42278,False,1000,20,3,1,500,0,0.01,random,291,1346.8089944140527,15.0,43.25533046683875,0.3457965647049017
33213,False,1000,20,3,1,500,0,0.1,random,0,1500.0,15.0,34.19700000001101,0.4380424292492104
47743,False,1000,20,3,1,500,0,0.05,random,27,1499.4128344849573,15.0,48.72651321083083,0.3071756620793328
63507,False,1000,20,3,1,500,0,0.005,random,653,1300.0092797446634,15.0,64.47606871024823,0.231144641990918
52692,False,1000,20,3,1,500,0,0.1,3,2,1406.5716264619791,15.0,40.77479030600834,0.36671859844520505
48537,False,1000,20,3,1,500,0,1,random,0,1500.0,15.0,49.520999999975295,0.3022217532644138
182854,False,1000,20,1.1,1,500,0,0.0001,random,3749,1141.2784074027022,15.0,183.74461418899955,0.08136371751735069
172094,False,1000,20,2,1,500,0,0.001,random,1210,1106.6908149952162,15.0,173.0492698360927,0.08639793553874707
137428,False,1000,20,3,1,500,0,0.001,random,517,1291.1638042840457,15.1,138.40079086083358,0.1080362544206515
